5.802e+06
5.80199e+06
5.80197e+06
5.80195e+06
5.80194e+06
5.80192e+06
5.8019e+06
5.80188e+06
5.80186e+06
5.80184e+06
5.80182e+06
5.80179e+06
5.80177e+06
5.80175e+06
5.80172e+06
5.80169e+06
5.80166e+06
5.80164e+06
5.8016e+06
5.80157e+06
5.80154e+06
5.80151e+06
5.80147e+06
5.80143e+06
5.80139e+06
5.80135e+06
5.80131e+06
5.80127e+06
5.80122e+06
5.80118e+06
5.80113e+06
5.80107e+06
5.80102e+06
5.80097e+06
5.80091e+06
5.80085e+06
5.80078e+06
5.80072e+06
5.80065e+06
5.80058e+06
5.80051e+06
5.80043e+06
5.80035e+06
5.80026e+06
5.80018e+06
5.80009e+06
5.79999e+06
5.79989e+06
5.79979e+06
5.79968e+06
5.79957e+06
5.79946e+06
5.79934e+06
5.79921e+06
5.79908e+06
5.79895e+06
5.7988e+06
5.79866e+06
5.7985e+06
5.79834e+06
5.79818e+06
5.798e+06
5.79782e+06
5.79764e+06
5.79744e+06
5.79724e+06
5.79703e+06
5.7968e+06
5.79658e+06
5.79634e+06
5.79609e+06
5.79583e+06
5.79556e+06
5.79528e+06
5.79498e+06
5.79468e+06
5.79436e+06
5.79403e+06
5.79369e+06
5.79333e+06
5.79295e+06
5.79257e+06
5.79216e+06
5.79174e+06
5.7913e+06
5.79085e+06
5.79037e+06
5.78988e+06
5.78936e+06
5.78883e+06
5.78827e+06
5.78769e+06
5.78708e+06
5.78645e+06
5.7858e+06
5.78511e+06
5.7844e+06
5.78367e+06
5.7829e+06
5.78209e+06
5.78126e+06
5.78039e+06
5.77949e+06
5.77949e+06

26.3083
25.1356
25.4878
26.1758
27.0746
28.1015
29.2166
30.4009
31.6457
32.948
34.3071
35.7239
37.2002
38.7378
40.3393
42.0072
43.7441
45.5529
47.4365
49.3981
51.4407
53.5679
55.783
58.0897
60.4917
62.9931
65.5979
68.3103
71.1349
74.0762
77.1391
80.3285
83.6498
87.1082
90.7096
94.4597
98.3647
102.431
106.665
111.075
115.666
120.447
125.425
130.609
136.006
141.627
147.479
153.573
159.919
166.526
173.406
180.569
188.028
195.795
203.881
212.301
221.068
230.197
239.701
249.597
259.901
270.628
281.798
293.427
305.535
318.14
331.265
344.929
359.155
373.965
389.384
405.436
422.148
439.545
457.656
476.511
496.138
516.57
537.84
559.98
583.027
607.017
631.988
657.981
685.035
713.195
742.504
773.008
804.757
837.799
872.187
907.974
945.217
983.973
1024.3
1066.27
1109.94
1155.37
1202.65
1251.84
1303.01
1356.25
1411.63
1411.63

103.845
109.815
115.036
120.124
125.243
130.485
135.899
141.516
147.356
153.433
159.76
166.349
173.211
180.358
187.801
195.553
203.627
212.036
220.794
229.914
239.413
249.305
259.607
270.335
281.508
293.143
305.26
317.878
331.018
344.702
358.952
373.791
389.244
405.336
422.094
439.544
457.716
476.639
496.344
516.863
538.231
560.481
583.65
607.777
632.9
659.061
686.303
714.67
744.207
774.965
806.992
840.342
875.067
911.226
948.878
988.082
1028.9
1071.41
1115.67
1161.75
1209.74
1259.7
1311.72
1365.89
1422.29
1481.01
1542.15
1605.81
1672.08
1741.09
1812.94
1887.74
1965.62
2046.71
2131.13
2219.02
2310.52
2405.78
2504.95
2608.19
2715.67
2827.56
2944.04
3065.3
3191.53
3322.93
3459.7
3602.08
3750.29
3904.55
4065.12
4232.25
4406.21
4587.26
4775.71
4971.83
5175.94
5388.36
5609.43
5839.48
6078.88
6328
6587.22
6587.22

0
9.42834
18.7303
27.8809
36.8864
45.7635
54.5338
63.2209
71.849
80.4424
89.0246
97.6191
106.249
114.935
123.701
132.568
141.557
150.689
159.985
169.465
179.151
189.062
199.221
209.647
220.361
231.385
242.741
254.45
266.534
279.016
291.918
305.266
319.082
333.392
348.221
363.595
379.541
396.087
413.262
431.095
449.616
468.858
488.853
509.634
531.237
553.698
577.055
601.347
626.615
652.899
680.245
708.698
738.304
769.112
801.174
834.543
869.272
905.42
943.046
982.212
1022.98
1065.42
1109.6
1155.59
1203.47
1253.32
1305.22
1359.24
1415.49
1474.05
1535.01
1598.48
1664.57
1733.36
1804.99
1879.57
1957.2
2038.04
2122.19
2209.8
2301.02
2395.98
2494.84
2597.77
2704.92
2816.47
2932.6
3053.5
3179.36
3310.38
3446.77
3588.75
3736.55
3890.4
4050.56
4217.26
4390.79
4571.41
4759.41
4955.1
5158.77
5370.76
5591.39
5591.39

0
0.0164256
0.0641918
0.141005
0.244683
0.373211
0.524757
0.697673
0.890487
1.1019
1.33076
1.57607
1.83697
2.11272
2.40271
2.70643
3.02348
3.35355
3.69642
4.05195
4.4201
4.80088
5.19438
5.60076
6.02024
6.45309
6.89966
7.36033
7.83556
8.32583
8.8317
9.35376
9.89266
10.4491
11.0238
11.6175
12.2312
12.8656
13.5217
14.2004
14.9028
15.63
16.383
17.1631
17.9715
18.8093
19.678
20.579
21.5136
22.4834
23.49
24.5349
25.6199
26.7467
27.9171
29.1331
30.3967
31.7098
33.0747
34.4936
35.9687
37.5026
39.0976
40.7565
42.4819
44.2767
46.1438
48.0862
50.1071
52.2098
54.3978
56.6746
59.0439
61.5096
64.0758
66.7466
69.5264
72.4196
75.4311
78.5657
81.8285
85.2248
88.7601
92.4402
96.271
100.259
104.41
108.731
113.23
117.913
122.788
127.862
133.145
138.644
144.369
150.328
156.532
162.989
169.711
176.709
183.992
191.574
199.467
199.467

0
0.000112455
0.000872689
0.00285629
0.00656441
0.0124305
0.0208274
0.032074
0.0464414
0.0641595
0.0854217
0.11039
0.139199
0.171962
0.208771
0.249703
0.294823
0.344183
0.397829
0.455801
0.518134
0.584863
0.65602
0.731639
0.811756
0.896411
0.985646
1.07951
1.17806
1.28135
1.38946
1.50246
1.62043
1.74347
1.87169
2.0052
2.14413
2.2886
2.43877
2.59479
2.75684
2.9251
3.09977
3.28105
3.46917
3.66436
3.86687
4.07698
4.29496
4.5211
4.75572
4.99914
5.25172
5.5138
5.78579
6.06806
6.36104
6.66517
6.9809
7.30872
7.64912
8.00262
8.36977
8.75114
9.14733
9.55895
9.98665
10.4311
10.893
11.3731
11.8722
12.391
12.9304
13.4912
14.0744
14.6808
15.3115
15.9675
16.6498
17.3595
18.0978
18.8658
19.6649
20.4962
21.3612
22.2613
23.1978
24.1723
25.1864
26.2418
27.34
28.483
29.6726
30.9106
32.1992
33.5403
34.9361
36.3889
37.901
39.4749
41.1132
42.8183
44.5932
44.5932

0
0.300366
1.19753
2.68354
4.74999
7.38917
10.5946
14.361
18.6848
23.5638
28.9973
34.986
41.5321
48.6392
56.3123
64.5577
73.3831
82.7974
92.811
103.436
114.684
126.571
139.111
152.322
166.222
180.83
196.168
212.257
229.122
246.788
265.282
284.631
304.865
326.016
348.117
371.203
395.309
420.473
446.737
474.141
502.729
532.547
563.644
596.068
629.873
665.113
701.845
740.128
780.025
821.6
864.922
910.059
957.087
1006.08
1057.12
1110.29
1165.68
1223.37
1283.46
1346.05
1411.25
1479.15
1549.87
1623.52
1700.23
1780.12
1863.31
1949.96
2040.19
2134.15
2232.01
2333.91
2440.03
2550.54
2665.61
2785.44
2910.22
3040.16
3175.46
3316.35
3463.06
3615.82
3774.89
3940.53
4112.99
4292.58
4479.56
4674.26
4876.99
5088.07
5307.85
5536.68
5774.94
6023.02
6281.3
6550.22
6830.21
7121.72
7425.21
7741.19
8070.16
8412.66
8769.22
8769.22

0
5.40733e-07
8.27833e-06
4.08133e-05
0.000125797
0.000299604
0.000606126
0.00109571
0.00182421
0.00285215
0.00424398
0.0060675
0.00839325
0.0112941
0.0148448
0.0191217
0.0242024
0.0301658
0.0370914
0.0450598
0.0541521
0.0644502
0.0760364
0.0889938
0.103406
0.119358
0.136934
0.156221
0.177305
0.200275
0.22522
0.25223
0.281399
0.312818
0.346586
0.382798
0.421555
0.462959
0.507117
0.554134
0.604123
0.657198
0.713476
0.773079
0.836133
0.902768
0.973118
1.04732
1.12553
1.20788
1.29453
1.38566
1.48141
1.58198
1.68753
1.79826
1.91436
2.03604
2.16352
2.297
2.43672
2.58293
2.73587
2.8958
3.063
3.23774
3.42032
3.61105
3.81025
4.01824
4.23539
4.46204
4.69857
4.94539
5.20289
5.4715
5.75167
6.04386
6.34855
6.66624
6.99746
7.34275
7.70268
8.07784
8.46885
8.87634
9.30099
9.74349
10.2046
10.685
11.1855
11.707
12.2502
12.8162
13.4057
14.0198
14.6594
15.3257
16.0197
16.7425
17.4953
18.2793
19.0959
19.0959

