3.73e+06
3.72999e+06
3.72998e+06
3.72997e+06
3.72996e+06
3.72994e+06
3.72993e+06
3.72992e+06
3.7299e+06
3.72989e+06
3.72987e+06
3.72985e+06
3.72984e+06
3.72982e+06
3.7298e+06
3.72978e+06
3.72975e+06
3.72973e+06
3.72971e+06
3.72968e+06
3.72965e+06
3.72962e+06
3.72959e+06
3.72956e+06
3.72953e+06
3.72949e+06
3.72945e+06
3.72941e+06
3.72937e+06
3.72932e+06
3.72928e+06
3.72923e+06
3.72917e+06
3.72912e+06
3.72906e+06
3.72899e+06
3.72893e+06
3.72886e+06
3.72879e+06
3.72871e+06
3.72863e+06
3.72854e+06
3.72845e+06
3.72835e+06
3.72825e+06
3.72814e+06
3.72803e+06
3.72791e+06
3.72778e+06
3.72764e+06
3.7275e+06
3.72735e+06
3.72719e+06
3.72703e+06
3.72685e+06
3.72666e+06
3.72647e+06
3.72626e+06
3.72604e+06
3.72581e+06
3.72556e+06
3.7253e+06
3.72503e+06
3.72474e+06
3.72444e+06
3.72412e+06
3.72378e+06
3.72342e+06
3.72304e+06
3.72264e+06
3.72222e+06
3.72177e+06
3.7213e+06
3.7208e+06
3.72028e+06
3.71972e+06
3.71914e+06
3.71852e+06
3.71787e+06
3.71718e+06
3.71645e+06
3.71568e+06
3.71487e+06
3.71402e+06
3.71311e+06
3.71216e+06
3.71115e+06
3.71009e+06
3.70897e+06
3.70779e+06
3.70654e+06
3.70523e+06
3.70384e+06
3.70237e+06
3.70082e+06
3.69919e+06
3.69747e+06
3.69566e+06
3.69374e+06
3.69172e+06
3.68959e+06
3.68735e+06
3.68498e+06
3.68498e+06

0.0365988
8.14622
11.5487
13.5894
14.9802
16.0976
17.1157
18.117
19.1413
20.2088
21.3306
22.5137
23.7633
25.084
26.48
27.9556
29.5153
31.1637
32.9058
34.7468
36.6921
38.7475
40.9192
43.2137
45.6377
48.1986
50.9039
53.7617
56.7806
59.9695
63.338
66.8962
70.6545
74.6243
78.8174
83.2463
87.9242
92.865
98.0835
103.595
109.417
115.565
122.058
128.916
136.159
143.809
151.888
160.42
169.431
178.946
188.996
199.609
210.816
222.651
235.15
248.348
262.285
277.002
292.542
308.951
326.278
344.573
363.89
384.285
405.819
428.555
452.558
477.899
504.651
532.893
562.706
594.177
627.396
662.46
699.469
738.53
779.754
823.26
869.171
917.618
968.737
1022.67
1079.58
1139.62
1202.95
1269.75
1340.21
1414.53
1492.89
1575.53
1662.66
1754.52
1851.36
1953.43
2061
2174.36
2293.8
2419.63
2552.17
2691.76
2838.75
2993.51
3156.41
3156.41

78.653
73.893
73.3348
74.5698
76.7938
79.6213
82.8777
86.4864
90.4168
94.66
99.2184
104.1
109.315
114.877
120.8
127.102
133.798
140.909
148.454
156.455
164.935
173.918
183.431
193.501
204.157
215.432
227.358
239.971
253.307
267.406
282.31
298.063
314.712
332.306
350.898
370.542
391.298
413.227
436.394
460.869
486.724
514.035
542.886
573.36
605.55
639.55
675.463
713.394
753.457
795.771
840.461
887.661
937.51
990.157
1045.76
1104.48
1166.49
1231.97
1301.13
1374.16
1451.29
1532.73
1618.73
1709.54
1805.43
1906.69
2013.6
2126.49
2245.68
2371.53
2504.39
2644.67
2792.77
2949.12
3114.18
3288.42
3472.35
3666.5
3871.44
4087.75
4316.06
4557.01
4811.31
5079.66
5362.85
5661.67
5976.96
6309.61
6660.57
7030.8
7421.34
7833.28
8267.74
8725.94
9209.11
9718.57
10255.7
10822
11418.8
12047.9
12710.9
13409.4
14145.4
14145.4

0
7.81523
14.9366
21.6912
28.2372
34.6657
41.0351
47.3887
53.7617
60.1856
66.6898
73.3025
80.0514
86.9636
94.0661
101.386
108.951
116.788
124.925
133.391
142.214
151.426
161.055
171.135
181.698
192.778
204.41
216.632
229.481
242.999
257.227
272.208
287.99
304.621
322.151
340.634
360.127
380.688
402.38
425.267
449.421
474.912
501.818
530.22
560.203
591.857
625.276
660.562
697.819
737.159
778.7
822.565
868.886
917.8
969.454
1024
1081.61
1142.44
1206.68
1274.52
1346.16
1421.81
1501.7
1586.07
1675.16
1769.24
1868.59
1973.5
2084.29
2201.27
2324.79
2455.22
2592.95
2738.37
2891.91
3054.03
3225.2
3405.92
3596.71
3798.15
4010.8
4235.3
4472.29
4722.46
4986.53
5265.28
5559.49
5870.02
6197.75
6543.63
6908.65
7293.83
7700.28
8129.14
8581.63
9059.01
9562.62
10093.9
10654.2
11245.2
11868.5
12525.8
13218.9
13218.9

0
0.0292043
0.109182
0.23177
0.391167
0.582948
0.803602
1.05029
1.3207
1.61298
1.92563
2.25753
2.60784
2.97598
3.36165
3.76474
4.18535
4.62379
5.08053
5.55619
6.05154
6.56753
7.10519
7.66573
8.25045
8.8608
9.49833
10.1647
10.8618
11.5914
12.3557
13.1568
13.997
14.8788
15.8046
16.7774
17.7999
18.8751
20.0063
21.1968
22.4502
23.7703
25.1609
26.6263
28.1708
29.7992
31.5161
33.3269
35.2369
37.2519
39.3778
41.6212
43.9885
46.4871
49.1242
51.9079
54.8464
57.9485
61.2234
64.681
68.3315
72.1859
76.2555
80.5526
85.0899
89.8808
94.9397
100.282
105.922
111.879
118.168
124.809
131.822
139.227
147.046
155.302
164.02
173.225
182.945
193.207
204.042
215.482
227.561
240.313
253.776
267.99
282.995
298.835
315.557
333.208
351.841
371.508
392.266
414.175
437.297
461.7
487.452
514.627
543.302
573.557
605.478
639.155
674.682
674.682

0
0.000298898
0.00227029
0.00727455
0.0164317
0.0306813
0.0508207
0.0775319
0.111403
0.152943
0.202601
0.260772
0.327814
0.404055
0.489799
0.585339
0.690959
0.806944
0.933582
1.07117
1.22002
1.38047
1.55286
1.73757
1.935
2.14561
2.36984
2.60822
2.8613
3.12965
3.41393
3.71482
4.03305
4.3694
4.72473
5.09995
5.49601
5.91395
6.35486
6.81993
7.3104
7.82759
8.37293
8.9479
9.55409
10.1932
10.867
11.5774
12.3265
13.1162
13.949
14.8271
15.7532
16.7298
17.7598
18.8462
19.9921
21.2008
22.476
23.8213
25.2407
26.7382
28.3184
29.9858
31.7454
33.6023
35.562
37.6303
39.8133
42.1174
44.5494
47.1165
49.8263
52.6868
55.7064
58.894
62.2591
65.8116
69.5621
73.5214
77.7014
82.1144
86.7734
91.692
96.8849
102.367
108.155
114.266
120.717
127.527
134.717
142.308
150.321
158.78
167.71
177.137
187.088
197.592
208.679
220.382
232.735
245.772
259.532
259.532

0
0.223714
0.840304
1.82661
3.17078
4.86684
6.91234
9.30722
12.0533
15.154
18.6143
22.4405
26.6403
31.2229
36.1989
41.5803
47.3804
53.6142
60.2978
67.4494
75.0881
83.2352
91.9133
101.147
110.962
121.387
132.451
144.187
156.629
169.813
183.778
198.564
214.215
230.778
248.301
266.836
286.438
307.165
329.079
352.245
376.733
402.614
429.965
458.87
489.413
521.686
555.785
591.813
629.875
670.087
712.568
757.445
804.852
854.931
907.831
963.71
1022.73
1085.08
1150.94
1220.49
1293.97
1371.57
1453.53
1540.11
1631.54
1728.12
1830.12
1937.84
2051.62
2171.78
2298.69
2432.73
2574.28
2723.77
2881.65
3048.38
3224.46
3410.4
3606.77
3814.14
4033.12
4264.36
4508.54
4766.39
5038.66
5326.16
5629.72
5950.25
6288.67
6646
7023.26
7421.57
7842.08
8286.02
8754.68
9249.43
9771.69
10323
10904.9
11519.1
12167.4
12851.6
13573.7
13573.7

0
7.96998e-07
1.157e-05
5.58703e-05
0.000169462
0.00039827
0.000796794
0.00142684
0.0023565
0.00365926
0.00541337
0.00770125
0.010609
0.0142262
0.0186454
0.0239623
0.0302752
0.0376856
0.0462973
0.0562176
0.0675562
0.0804266
0.0949451
0.111232
0.129411
0.149611
0.171964
0.196608
0.223686
0.253346
0.285742
0.321037
0.359397
0.400998
0.446024
0.494669
0.547132
0.603626
0.664373
0.729606
0.799571
0.874526
0.954742
1.04051
1.13212
1.2299
1.33418
1.44531
1.56367
1.68965
1.82367
1.96616
2.11758
2.27842
2.4492
2.63046
2.82277
3.02674
3.24302
3.47226
3.7152
3.97258
4.2452
4.5339
4.83958
5.16316
5.50563
5.86806
6.25153
6.65723
7.08637
7.54027
8.0203
8.52791
9.06464
9.6321
10.232
10.8662
11.5365
12.245
12.9938
13.7852
14.6215
15.5052
16.4389
17.4256
18.468
19.5694
20.7329
21.9622
23.2607
24.6325
26.0815
27.6121
29.2287
30.9363
32.7398
34.6447
36.6564
38.781
41.0247
43.3941
45.8962
45.8962

