4.029e+06
4.02897e+06
4.02893e+06
4.0289e+06
4.02886e+06
4.02882e+06
4.02878e+06
4.02874e+06
4.0287e+06
4.02865e+06
4.0286e+06
4.02855e+06
4.0285e+06
4.02844e+06
4.02839e+06
4.02833e+06
4.02826e+06
4.0282e+06
4.02813e+06
4.02805e+06
4.02798e+06
4.0279e+06
4.02781e+06
4.02773e+06
4.02763e+06
4.02754e+06
4.02744e+06
4.02733e+06
4.02722e+06
4.02711e+06
4.02699e+06
4.02686e+06
4.02673e+06
4.02659e+06
4.02644e+06
4.02629e+06
4.02613e+06
4.02597e+06
4.02579e+06
4.02561e+06
4.02542e+06
4.02522e+06
4.02501e+06
4.02479e+06
4.02456e+06
4.02432e+06
4.02407e+06
4.02381e+06
4.02354e+06
4.02325e+06
4.02295e+06
4.02263e+06
4.0223e+06
4.02195e+06
4.02159e+06
4.02121e+06
4.02082e+06
4.0204e+06
4.01997e+06
4.01951e+06
4.01904e+06
4.01854e+06
4.01802e+06
4.01747e+06
4.0169e+06
4.01631e+06
4.01568e+06
4.01503e+06
4.01434e+06
4.01363e+06
4.01288e+06
4.01209e+06
4.01127e+06
4.01042e+06
4.00952e+06
4.00858e+06
4.0076e+06
4.00657e+06
4.00549e+06
4.00437e+06
4.00319e+06
4.00196e+06
4.00067e+06
3.99933e+06
3.99792e+06
3.99645e+06
3.99491e+06
3.9933e+06
3.99161e+06
3.98985e+06
3.98801e+06
3.98609e+06
3.98408e+06
3.98198e+06
3.97978e+06
3.97749e+06
3.97509e+06
3.97259e+06
3.96997e+06
3.96724e+06
3.96438e+06
3.9614e+06
3.95828e+06
3.95828e+06

25.0429
33.8207
38.2452
41.3112
43.8041
46.1011
48.3689
50.6832
53.0802
55.5786
58.1896
60.9212
63.7805
66.7737
69.9075
73.1885
76.6236
80.22
83.9852
87.9272
92.054
96.3745
100.898
105.633
110.59
115.78
121.212
126.9
132.853
139.086
145.61
152.44
159.589
167.073
174.907
183.107
191.691
200.676
210.081
219.925
230.229
241.014
252.302
264.118
276.484
289.426
302.972
317.149
331.986
347.514
363.764
380.769
398.565
417.187
436.674
457.066
478.402
500.727
524.086
548.526
574.096
600.847
628.834
658.11
688.737
720.773
754.282
789.331
825.989
864.327
904.42
946.347
990.189
1036.03
1083.96
1134.07
1186.45
1241.21
1298.45
1358.27
1420.78
1486.11
1554.38
1625.7
1700.21
1778.04
1859.33
1944.23
2032.88
2125.44
2222.07
2322.94
2428.21
2538.06
2652.68
2772.25
2896.95
3027
3162.6
3303.94
3451.26
3604.76
3764.67
3764.67

233.391
228.999
229.807
233.198
238.227
244.449
251.657
259.75
268.676
278.409
288.937
300.256
312.366
325.276
338.995
353.538
368.923
385.17
402.304
420.352
439.345
459.315
480.297
502.331
525.458
549.722
575.171
601.854
629.824
659.137
689.852
722.031
755.74
791.048
828.026
866.752
907.303
949.765
994.223
1040.77
1089.5
1140.52
1193.94
1249.85
1308.38
1369.65
1433.78
1500.91
1571.17
1644.72
1721.69
1802.26
1886.58
1974.83
2067.19
2163.85
2265
2370.86
2481.64
2597.56
2718.86
2845.78
2978.59
3117.55
3262.94
3415.05
3574.19
3740.68
3914.86
4097.06
4287.65
4487.01
4695.53
4913.62
5141.71
5380.26
5629.71
5890.56
6163.31
6448.48
6746.63
7058.33
7384.15
7724.73
8080.69
8452.71
8841.48
9247.71
9672.14
10115.6
10578.8
11062.6
11567.9
12095.5
12646.5
13221.7
13822.1
14448.7
15102.7
15785.1
16496.9
17239.5
18013.8
18013.8

0
27.194
51.9793
74.9857
96.5988
117.096
136.695
155.581
173.913
191.832
209.468
226.938
244.348
261.798
279.378
297.175
315.269
333.735
352.647
372.074
392.082
412.738
434.105
456.246
479.225
503.102
527.942
553.807
580.761
608.871
638.201
668.822
700.802
734.215
769.134
805.637
843.805
883.72
925.468
969.14
1014.83
1062.63
1112.65
1164.99
1219.76
1277.08
1337.06
1399.84
1465.54
1534.31
1606.28
1681.6
1760.43
1842.94
1929.29
2019.67
2114.26
2213.25
2316.86
2425.28
2538.76
2657.51
2781.78
2911.83
3047.92
3190.33
3339.35
3495.28
3658.44
3829.16
4007.78
4194.66
4390.18
4594.73
4808.72
5032.58
5266.76
5511.71
5767.92
6035.9
6316.18
6609.31
6915.85
7236.4
7571.59
7922.07
8288.5
8671.59
9072.06
9490.69
9928.24
10385.6
10863.5
11362.9
11884.7
12429.9
12999.5
13594.4
14215.8
14864.8
15542.4
16249.9
16988.5
16988.5

0
0.0181441
0.0690496
0.148434
0.25286
0.379478
0.525896
0.690099
0.870393
1.06536
1.27384
1.49486
1.72768
1.97169
2.22647
2.4917
2.76721
3.05293
3.34889
3.65522
3.97211
4.29984
4.63877
4.98931
5.35194
5.7272
6.11566
6.51798
6.93485
7.36701
7.81525
8.28042
8.7634
9.26514
9.78662
10.3289
10.893
11.4801
12.0915
12.7283
13.3919
14.0836
14.8049
15.5572
16.3422
17.1614
18.0166
18.9095
19.842
20.8161
21.8337
22.897
24.0083
25.1697
26.3838
27.6531
28.9802
30.3678
31.8189
33.3365
34.9236
36.5837
38.3201
40.1363
42.0363
44.0239
46.1031
48.2783
50.5539
52.9346
55.4254
58.0312
60.7574
63.6096
66.5936
69.7154
72.9815
76.3983
79.9729
83.7124
87.6244
91.7167
95.9975
100.475
105.159
110.059
115.183
120.543
126.148
132.01
138.14
144.551
151.254
158.262
165.59
173.251
181.26
189.632
198.383
207.529
217.088
227.077
237.515
237.515

0
0.000285604
0.00208437
0.00640247
0.0138514
0.0247672
0.0392955
0.0574521
0.0791678
0.10432
0.132758
0.164318
0.198834
0.236148
0.276117
0.318612
0.363524
0.41076
0.460252
0.511946
0.565811
0.621832
0.680012
0.740371
0.802941
0.867774
0.934933
1.00449
1.07654
1.15118
1.22853
1.3087
1.39183
1.47806
1.56755
1.66046
1.75697
1.85727
1.96154
2.06999
2.18284
2.30031
2.42265
2.5501
2.68292
2.82139
2.96578
3.11641
3.27357
3.4376
3.60884
3.78763
3.97437
4.16942
4.3732
4.58614
4.80867
5.04126
5.28439
5.53857
5.80432
6.0822
6.37279
6.67668
6.99451
7.32693
7.67463
8.03833
8.41877
8.81676
9.23309
9.66863
10.1243
10.601
11.0997
11.6214
12.1672
12.7382
13.3356
13.9606
14.6145
15.2985
16.0141
16.7626
17.5457
18.3648
19.2217
20.1179
21.0554
22.0359
23.0614
24.134
25.2556
26.4286
27.6553
28.9379
30.279
31.6812
33.1471
34.6796
36.2816
37.9561
39.7063
39.7063

0
1.30057
4.79902
10.3226
17.739
26.9432
37.8507
50.3939
64.5196
80.1873
97.3682
116.044
136.205
157.85
180.989
205.636
231.813
259.549
288.88
319.846
352.495
386.879
423.056
461.091
501.052
543.013
587.055
633.261
681.722
732.535
785.8
841.626
900.125
961.416
1025.63
1092.89
1163.33
1237.12
1314.39
1395.31
1480.04
1568.77
1661.68
1758.96
1860.81
1967.45
2079.1
2195.99
2318.37
2446.49
2580.62
2721.05
2868.06
3021.95
3183.06
3351.72
3528.28
3713.11
3906.59
4109.12
4321.13
4543.06
4775.37
5018.54
5273.08
5539.51
5818.39
6110.29
6415.82
6735.61
7070.32
7420.64
7787.29
8171.03
8572.64
8992.96
9432.83
9893.17
10374.9
10879
11406.6
11958.6
12536.3
13140.7
13773.1
14434.8
15127.2
15851.5
16609.3
17402.1
18231.4
19099
20006.5
20955.8
21948.6
22987
24073.1
25208.9
26396.6
27638.5
28937.1
30294.9
31714.4
31714.4

0
3.03394e-06
4.1543e-05
0.000193535
0.000567231
0.00128851
0.00249214
0.00431581
0.00689604
0.0103657
0.0148523
0.0204774
0.0273563
0.035598
0.0453061
0.0565787
0.0695094
0.0841882
0.100702
0.119135
0.13957
0.16209
0.186775
0.213709
0.242974
0.274656
0.308841
0.345618
0.385082
0.427327
0.472455
0.52057
0.571782
0.626205
0.683962
0.745177
0.809985
0.878524
0.950944
1.0274
1.10805
1.19307
1.28263
1.37693
1.47617
1.58056
1.6903
1.80564
1.92682
2.05409
2.18772
2.32799
2.47519
2.62962
2.79163
2.96153
3.13969
3.32648
3.5223
3.72755
3.94265
4.16807
4.40426
4.65173
4.91099
5.18258
5.46707
5.76505
6.07714
6.40399
6.74629
7.10474
7.48009
7.87312
8.28465
8.71553
9.16666
9.63896
10.1334
10.6511
11.193
11.7602
12.354
12.9756
13.6262
14.3073
15.02
15.7661
16.5469
17.3641
18.2193
19.1143
20.0509
21.0311
22.0567
23.13
24.2529
25.428
26.6574
27.9436
29.2894
30.6972
32.17
32.17

