1.215e+06
1.21492e+06
1.21472e+06
1.2145e+06
1.21424e+06
1.21395e+06
1.21364e+06
1.2133e+06
1.21293e+06
1.21253e+06
1.21209e+06
1.21161e+06
1.2111e+06
1.21054e+06
1.20993e+06
1.20927e+06
1.20856e+06
1.20779e+06
1.20696e+06
1.20605e+06
1.20507e+06
1.20401e+06
1.20286e+06
1.20161e+06
1.20026e+06
1.19881e+06
1.19723e+06
1.19552e+06
1.19368e+06
1.19168e+06
1.18953e+06
1.1872e+06
1.18468e+06
1.18196e+06
1.17903e+06
1.17587e+06
1.17246e+06
1.16879e+06
1.16483e+06
1.16057e+06
1.15598e+06
1.15106e+06
1.14576e+06
1.14008e+06
1.13399e+06
1.12746e+06
1.12047e+06
1.11299e+06
1.105e+06
1.09648e+06
1.0874e+06
1.07774e+06
1.06747e+06
1.05658e+06
1.04504e+06
1.03284e+06
1.01996e+06
1.0064e+06
992139
977180
961525
945178
928153
910467
892143
873213
853712
833683
813175
792242
770945
749347
727518
705528
683450
661359
639329
617434
595744
574328
553250
532569
512339
492609
473422
454811
436808
419436
402710
386644
371241
356504
342428
329006
316226
304076
292537
281592
271219
261399
252109
243326
235028
235028

1240.95
831.937
669.851
595.239
572.777
580.919
607.842
647.086
695.201
750.427
811.961
879.549
953.255
1033.34
1120.19
1214.28
1316.16
1426.42
1545.71
1674.77
1814.33
1965.23
2128.34
2304.61
2495.02
2700.65
2922.64
3162.18
3420.54
3699.09
3999.23
4322.46
4670.34
5044.51
5446.64
5878.51
6341.91
6838.7
7370.74
7939.92
8548.13
9197.23
9889.02
10625.2
11407.4
12237
13115.3
14043.3
15021.6
16050.4
17129.8
18258.9
19436.5
20660.8
21929.2
23238.2
24583.6
25960.2
27361.8
28781.5
30211
31641.4
33062.8
34464.2
35834.3
37161
38431.7
39633.7
40754.5
41781.6
42703.4
43508.8
44188.2
44733.1
45136.7
45394.1
45502.2
45460
45268.7
44931.4
44453.1
43840.8
43102.9
42249.3
41291
40239.9
39108.3
37908.8
36654.1
35356.7
34028.3
32680.5
31323.6
29967.3
28620.5
27290.6
25984.5
24707.9
23465.5
22261.1
21097.9
19977.9
18902.8
18902.8

519.106
952.799
1224.3
1423.83
1587.76
1737.19
1884.25
2036.1
2197.18
2370.46
2558.09
2761.88
2983.44
3224.35
3486.23
3770.79
4079.84
4415.32
4779.32
5174.1
5602.1
6065.93
6568.41
7112.59
7701.71
8339.28
9029.06
9775.05
10581.6
11453.2
12394.8
13411.6
14509.1
15693.3
16970.2
18346.5
19829.1
21425
23142.1
24988
26971
29099.4
31382.1
33827.7
36445.4
39243.9
42232.4
45419.7
48814.1
52424
56256.9
60319.5
64617.8
69156.4
73938.6
78966.3
84239
89754.4
95507.7
101491
107695
114104
120702
127469
134379
141405
148515
155675
162844
169983
177047
183991
190765
197324
203618
209600
215225
220449
225233
229540
233339
236603
239312
241451
243011
243989
244387
244213
243483
242213
240427
238152
235416
232253
228695
224779
220540
216014
211238
206247
201075
195754
190318
190318

0
55.5809
132.128
220.072
314.803
414.085
517.022
623.469
733.701
848.24
967.753
1093
1224.82
1364.09
1511.76
1668.83
1836.34
2015.4
2207.21
2413.01
2634.14
2872.04
3128.21
3404.3
3702.04
4023.29
4370.05
4744.46
5148.81
5585.54
6057.27
6566.8
7117.13
7711.45
8353.17
9045.92
9793.56
10600.2
11470.1
12408
13418.7
14507.3
15679.2
16940
18295.6
19752.1
21315.8
22993.3
24791.3
26716.5
28775.9
30976.5
33325
35828.4
38493.2
41325.8
44332
47517.2
50886.2
54442.9
58190.3
62130.3
66263.6
70589.2
75104.8
79806.3
84687.6
89740.7
94955.3
100319
105818
111434
117149
122941
128787
134663
140541
146394
152192
157906
163506
168961
174243
179322
184171
188763
193075
197085
200773
204121
207117
209748
212005
213883
215380
216495
217230
217591
217585
217221
216511
215467
214104
214104

0
0.0014711
0.00670637
0.0163236
0.0305096
0.0492487
0.0724411
0.0999668
0.131719
0.167624
0.207646
0.251795
0.300123
0.352732
0.409766
0.471415
0.537915
0.609545
0.686633
0.769549
0.858714
0.954597
1.05772
1.16864
1.28801
1.4165
1.55485
1.70389
1.86449
2.0376
2.22424
2.42554
2.64268
2.87695
3.12974
3.40252
3.6969
4.01457
4.35736
4.72723
5.12624
5.55662
6.02072
6.52104
7.06023
7.6411
8.26661
8.93986
9.66412
10.4428
11.2795
12.1779
13.1418
14.1752
15.2822
16.4668
17.7332
19.0857
20.5284
22.0654
23.7008
25.4385
27.2822
29.2352
31.3006
33.481
35.7787
38.1952
40.7315
43.3878
46.1636
49.0575
52.0671
55.1891
58.4191
61.7518
65.1805
68.6976
72.2944
75.9612
79.6872
83.4605
87.2687
91.0984
94.9356
98.7657
102.574
106.345
110.063
113.714
117.283
120.754
124.114
127.348
130.445
133.393
136.179
138.795
141.231
143.48
145.534
147.389
149.04
149.04

0
1.71703e-05
0.000144741
0.000508518
0.00122962
0.00241497
0.00415458
0.00652228
0.00957789
0.0133699
0.0179384
0.0233174
0.0295375
0.0366277
0.0446173
0.0535371
0.0634212
0.0743077
0.0862399
0.099267
0.113445
0.128838
0.145517
0.163562
0.183064
0.204123
0.226849
0.251364
0.277803
0.306313
0.337055
0.370204
0.40595
0.4445
0.486078
0.530926
0.579307
0.631501
0.687812
0.748568
0.814117
0.884836
0.961128
1.04342
1.13218
1.22788
1.33106
1.44226
1.56206
1.6911
1.83002
1.97952
2.1403
2.31314
2.49882
2.69816
2.91201
3.14125
3.38678
3.64951
3.93038
4.23033
4.5503
4.89122
5.254
5.63954
6.04867
6.4822
6.94085
7.42528
7.93604
8.47359
9.03824
9.63017
10.2494
10.8958
11.5691
12.2686
12.9937
13.7435
14.5167
15.3119
16.1276
16.9619
17.8128
18.6779
19.5549
20.441
21.3336
22.2297
23.1262
24.02
24.908
25.7868
26.6533
27.5042
28.3364
29.1468
29.9323
30.6902
31.4177
32.1122
32.7714
32.7714

0
2.39761
10.0443
24.0274
44.9696
73.266
109.211
153.07
205.118
265.663
335.06
413.717
502.107
600.764
710.293
831.373
964.76
1111.29
1271.89
1447.58
1639.47
1848.78
2076.85
2325.12
2595.19
2888.75
3207.68
3554
3929.88
4337.71
4780.04
5259.63
5779.47
6342.77
6953.02
7613.94
8329.55
9104.19
9942.48
10849.4
11830.3
12891
14037.4
15276.2
16614.3
18059.1
19618.6
21301.1
23115.4
25071.1
27177.9
29446.3
31887.3
34512.3
37333.2
40362.6
43613.4
47098.8
50832.7
54828.9
59101.8
63665.9
68535.7
73725.7
79250.3
85123.7
91359.5
97970.9
104970
112370
120179
128409
137066
146157
155687
165658
176073
186929
198224
209951
222104
234672
247643
261002
274734
288819
303237
317966
332982
348260
363774
379497
395400
411456
427636
443911
460252
476632
493021
509394
525723
541983
558149
558149

0
2.35172e-07
4.57678e-06
2.43269e-05
7.89638e-05
0.000195461
0.000407244
0.000753091
0.00127614
0.00202307
0.00304343
0.00438918
0.00611439
0.00827508
0.0109291
0.0141365
0.017959
0.0224611
0.0277098
0.0337751
0.0407305
0.0486533
0.0576254
0.0677335
0.0790699
0.0917333
0.105829
0.12147
0.138778
0.157884
0.178928
0.202062
0.22745
0.255269
0.285708
0.318975
0.355292
0.394898
0.438055
0.48504
0.536158
0.591734
0.652118
0.717691
0.788859
0.866062
0.949771
1.04049
1.13877
1.24519
1.36038
1.485
1.61977
1.76546
1.92288
2.09289
2.27643
2.47446
2.68802
2.91821
3.16619
3.43318
3.72045
4.02934
4.36126
4.71766
5.10008
5.51006
5.94924
6.41929
6.9219
7.45882
8.03182
8.64266
9.29315
9.98506
10.7202
11.5002
12.3269
13.2018
14.1266
15.1028
16.1316
17.2145
18.3526
19.5468
20.798
22.107
23.4742
24.9
26.3844
27.9275
29.5289
31.1881
32.9045
34.6771
36.5048
38.3863
40.3201
42.3043
44.3372
46.4167
48.5404
48.5404

