1089.73
1089.57
1089.39
1089.21
1089.01
1088.81
1088.6
1088.37
1088.13
1087.88
1087.62
1087.34
1087.05
1086.75
1086.43
1086.09
1085.73
1085.36
1084.97
1084.56
1084.12
1083.67
1083.19
1082.68
1082.15
1081.6
1081.01
1080.4
1079.75
1079.07
1078.36
1077.61
1076.82
1076
1075.13
1074.22
1073.26
1072.25
1071.2
1070.09
1068.92
1067.7
1066.42
1065.07
1063.66
1062.18
1060.62
1058.99
1057.28
1055.48
1053.6
1051.63
1049.56
1047.39
1045.12
1042.74
1040.25
1037.64
1034.91
1032.05
1029.06
1025.93
1022.66
1019.24
1015.67
1011.93
1008.03
1003.96
999.71
995.276
990.651
985.83
980.806
975.574
970.126
964.459
958.564
952.437
946.072
939.464
932.607
925.496
918.128
910.497
902.599
894.433
885.994
877.281
868.292
859.026
849.482
839.662
829.565
819.196
808.556
797.649
786.481
775.057
763.385
751.472
739.326
726.959
714.382
701.605
1.00004
1.04657
1.10045
1.15724
1.21708
1.2801
1.34642
1.41621
1.48961
1.5668
1.64796
1.73328
1.82296
1.91723
2.01632
2.12045
2.22988
2.34488
2.46572
2.5927
2.72611
2.86628
3.01354
3.16825
3.33076
3.50145
3.68074
3.86904
4.06678
4.27442
4.49244
4.72133
4.96162
5.21384
5.47856
5.75636
6.04786
6.35369
6.67451
7.01102
7.36391
7.73393
8.12186
8.52847
8.95461
9.4011
9.86884
10.3587
10.8717
11.4087
11.9707
12.5588
13.1739
13.8172
14.4897
15.1925
15.9268
16.6936
17.4941
18.3296
19.201
20.1097
21.0568
22.0434
23.0706
24.1396
25.2515
26.4073
27.608
28.8547
30.1481
31.4891
32.8784
34.3167
35.8045
37.3422
38.9301
40.5682
42.2566
43.9949
45.7827
47.6193
49.504
51.4354
53.4122
55.4326
57.4948
59.5962
61.7344
63.9062
66.1084
68.3372
70.5887
72.8583
75.1412
77.4323
79.726
82.0166
84.2977
86.5629
88.8054
91.0181
93.1939
95.3251
1.00008
1.03155
1.06589
1.1035
1.14444
1.18879
1.23661
1.28802
1.34309
1.40195
1.46472
1.53151
1.60248
1.67777
1.75756
1.84202
1.93134
2.02572
2.12538
2.23054
2.34146
2.45838
2.58159
2.71136
2.84801
2.99185
3.14323
3.30249
3.47001
3.64618
3.83142
4.02615
4.23082
4.44591
4.67192
4.90936
5.15878
5.42074
5.69583
5.98468
6.28793
6.60624
6.94033
7.29091
7.65875
8.04464
8.4494
8.87388
9.31896
9.78556
10.2746
10.7871
11.3241
11.8866
12.4757
13.0924
13.7381
14.4137
15.1206
15.8599
16.633
17.4411
18.2855
19.1676
20.0886
21.0501
22.0533
23.0997
24.1906
25.3274
26.5114
27.7442
29.0268
30.3608
31.7473
33.1875
34.6826
36.2337
37.8418
39.5077
41.2323
43.0162
44.86
46.764
48.7284
50.7533
52.8385
54.9835
57.1878
59.4504
61.7702
64.1457
66.5751
69.0564
71.5872
74.1646
76.7856
79.4467
82.144
84.8731
87.6296
90.4084
93.2041
96.0109
0
0.0796714
0.156856
0.231957
0.305365
0.377452
0.448572
0.519063
0.58925
0.659444
0.729947
0.801049
0.873034
0.94618
1.02076
1.09704
1.17529
1.25576
1.33874
1.42447
1.51322
1.60527
1.70089
1.80035
1.90393
2.01193
2.12465
2.24238
2.36545
2.49417
2.62888
2.76993
2.91768
3.0725
3.23478
3.40492
3.58333
3.77047
3.96676
4.1727
4.38877
4.61548
4.85337
5.10298
5.36491
5.63974
5.92812
6.23068
6.54812
6.88113
7.23045
7.59685
7.98112
8.38408
8.80659
9.24954
9.71384
10.2004
10.7103
11.2445
11.8041
12.3901
13.0037
13.6459
14.3181
15.0214
15.757
16.5263
17.3304
18.1709
19.0489
19.9659
20.9233
21.9224
22.9647
24.0517
25.1846
26.365
27.5943
28.8739
30.2051
31.5893
33.0278
34.5219
36.0727
37.6813
39.349
41.0765
42.8649
44.7147
46.6267
48.6013
50.6389
52.7396
54.9033
57.1298
59.4187
61.7693
64.1806
66.6515
69.1805
71.7658
74.4055
77.0971
0
0.0019081
0.00738429
0.016089
0.0277236
0.0420266
0.0587709
0.0777603
0.098827
0.121829
0.146648
0.173187
0.20137
0.231138
0.262449
0.295276
0.329608
0.365445
0.402801
0.441702
0.482182
0.524288
0.568076
0.613612
0.660968
0.710229
0.761485
0.814836
0.87039
0.928262
0.988575
1.05146
1.11706
1.18552
1.257
1.33166
1.40968
1.49123
1.57651
1.66572
1.75907
1.85678
1.95908
2.06621
2.17842
2.29598
2.41916
2.54825
2.68355
2.82538
2.97405
3.12992
3.29333
3.46466
3.64429
3.83263
4.03009
4.23711
4.45414
4.68166
4.92014
5.1701
5.43206
5.70657
5.99419
6.29551
6.61112
6.94167
7.28778
7.65012
8.02939
8.42627
8.8415
9.27581
9.72998
10.2048
10.701
11.2194
11.7609
12.3263
12.9164
13.5321
14.1742
14.8437
15.5414
16.2681
17.0248
17.8122
18.6313
19.4828
20.3675
21.2863
22.2398
23.2288
24.254
25.3159
26.4152
27.5522
28.7275
29.9414
31.1941
32.4859
33.8167
35.1866
0
4.02684e-05
0.000307513
0.000990383
0.00224142
0.00418264
0.00691036
0.0104995
0.0150072
0.0204763
0.0269376
0.0344128
0.0429163
0.0524573
0.0630409
0.0746697
0.0873449
0.101067
0.115838
0.13166
0.148536
0.166473
0.18548
0.205568
0.226752
0.249051
0.272486
0.297085
0.322877
0.349897
0.378183
0.407779
0.438732
0.471096
0.504927
0.540287
0.577243
0.615868
0.656239
0.698437
0.742552
0.788676
0.836909
0.887355
0.940126
0.995338
1.05312
1.11359
1.17689
1.24317
1.31257
1.38526
1.46139
1.54115
1.62471
1.71227
1.80401
1.90016
2.00092
2.10652
2.21719
2.33319
2.45477
2.58219
2.71573
2.85568
3.00234
3.15602
3.31704
3.48573
3.66245
3.84755
4.04141
4.2444
4.45693
4.6794
4.91224
5.15588
5.41076
5.67734
5.9561
6.24752
6.55207
6.87028
7.20265
7.5497
7.91195
8.28995
8.68422
9.09532
9.52379
9.97018
10.435
10.9189
11.4223
11.9458
12.4898
13.055
13.6417
14.2506
14.8819
15.5361
16.2137
16.915
0
0.0025279
0.00645724
0.0117651
0.0184351
0.0264566
0.0358248
0.0465404
0.0586095
0.0720433
0.0868582
0.103075
0.120721
0.139827
0.160428
0.182565
0.206283
0.231634
0.258672
0.287457
0.318054
0.350534
0.384972
0.421449
0.460052
0.500872
0.544007
0.589562
0.637647
0.688377
0.741877
0.798278
0.857715
0.920336
0.986292
1.05575
1.12886
1.20583
1.28683
1.37205
1.46172
1.55604
1.65525
1.75957
1.86928
1.98462
2.10589
2.23336
2.36734
2.50815
2.65613
2.81162
2.97499
3.14662
3.32691
3.51628
3.71517
3.92404
4.14335
4.37362
4.61534
4.86908
5.13539
5.41485
5.70809
6.01574
6.33845
6.67692
7.03186
7.40402
7.79416
8.20308
8.63161
9.08059
9.55092
10.0435
10.5593
11.0993
11.6644
12.2557
12.8743
13.5212
14.1975
14.9045
15.6432
16.4148
17.2205
18.0617
18.9394
19.8549
20.8097
21.8048
22.8416
23.9214
25.0455
26.2152
27.4317
28.6964
30.0104
31.375
32.7913
34.2606
35.784
37.3624
0
1.87245e-06
1.47114e-05
4.87679e-05
0.00011358
0.000218044
0.000370485
0.000578721
0.000850123
0.00119168
0.00161004
0.00211158
0.00270244
0.0033886
0.00417588
0.00507001
0.00607667
0.00720154
0.00845029
0.00982867
0.0113425
0.0129978
0.0148007
0.0167574
0.0188745
0.0211588
0.0236173
0.0262574
0.0290868
0.0321135
0.0353461
0.0387933
0.0424645
0.0463695
0.0505187
0.0549228
0.0595933
0.0645423
0.0697823
0.0753268
0.0811896
0.0873857
0.0939306
0.100841
0.108133
0.115825
0.123937
0.132489
0.141501
0.150995
0.160995
0.171525
0.182611
0.194279
0.206558
0.219477
0.233066
0.24736
0.26239
0.278194
0.294808
0.312272
0.330625
0.349912
0.370176
0.391464
0.413826
0.437311
0.461974
0.487869
0.515054
0.54359
0.573539
0.604968
0.637944
0.672537
0.708822
0.746875
0.786775
0.828604
0.872449
0.918398
0.966541
1.01697
1.06979
1.1251
1.18301
1.24361
1.30702
1.37336
1.44273
1.51527
1.59109
1.67032
1.75308
1.83951
1.92974
2.0239
2.12213
2.22457
2.33136
2.44264
2.55856
2.67925
0
1.35499e-08
2.01644e-07
9.79894e-07
2.98173e-06
7.0158e-06
1.40301e-05
2.50817e-05
4.13121e-05
6.39263e-05
9.4176e-05
0.000133347
0.000182747
0.000243699
0.000317536
0.000405594
0.000509213
0.000629733
0.000768495
0.000926845
0.00110613
0.0013077
0.00153293
0.00178318
0.00205986
0.00236437
0.00269816
0.00306271
0.00345951
0.00389012
0.00435614
0.00485921
0.00540105
0.00598341
0.00660816
0.00727719
0.00799252
0.00875623
0.00957051
0.0104376
0.01136
0.0123402
0.0133807
0.0144845
0.0156543
0.0168932
0.0182044
0.0195914
0.0210576
0.0226067
0.0242427
0.0259696
0.0277918
0.0297138
0.0317403
0.0338764
0.0361273
0.0384984
0.0409956
0.0436248
0.0463925
0.0493054
0.0523703
0.0555946
0.0589859
0.0625523
0.0663022
0.0702444
0.074388
0.0787426
0.0833184
0.0881258
0.0931758
0.0984798
0.10405
0.109898
0.116038
0.122483
0.129247
0.136345
0.143792
0.151604
0.159798
0.16839
0.177399
0.186842
0.19674
0.207112
0.217978
0.229359
0.241278
0.253758
0.26682
0.28049
0.294792
0.309751
0.325394
0.341747
0.358837
0.376693
0.395343
0.414815
0.435141
0.456349
