4.906e+06
4.906e+06
4.90597e+06
4.90595e+06
4.90592e+06
4.90589e+06
4.90586e+06
4.90583e+06
4.90579e+06
4.90576e+06
4.90572e+06
4.90569e+06
4.90565e+06
4.90561e+06
4.90557e+06
4.90552e+06
4.90548e+06
4.90543e+06
4.90539e+06
4.90534e+06
4.90529e+06
4.90524e+06
4.90518e+06
4.90513e+06
4.90507e+06
4.90501e+06
4.90495e+06
4.90488e+06
4.90482e+06
4.90475e+06
4.90468e+06
4.9046e+06
4.90453e+06
4.90445e+06
4.90437e+06
4.90429e+06
4.9042e+06
4.90411e+06
4.90401e+06
4.90392e+06
4.90382e+06
4.90371e+06
4.90361e+06
4.9035e+06
4.90338e+06
4.90326e+06
4.90314e+06
4.90301e+06
4.90288e+06
4.90275e+06
4.90261e+06
4.90246e+06
4.90231e+06
4.90215e+06
4.90199e+06
4.90183e+06
4.90165e+06
4.90147e+06
4.90129e+06
4.9011e+06
4.9009e+06
4.90069e+06
4.90048e+06
4.90026e+06
4.90004e+06
4.8998e+06
4.89956e+06
4.89931e+06
4.89904e+06
4.89878e+06
4.8985e+06
4.89821e+06
4.89791e+06
4.8976e+06
4.89728e+06
4.89695e+06
4.89661e+06
4.89625e+06
4.89589e+06
4.89551e+06
4.89511e+06
4.89471e+06
4.89429e+06
4.89385e+06
4.8934e+06
4.89294e+06
4.89246e+06
4.89196e+06
4.89145e+06
4.89091e+06
4.89036e+06
4.88979e+06
4.8892e+06
4.88859e+06
4.88796e+06
4.88731e+06
4.88663e+06
4.88593e+06
4.88521e+06
4.88446e+06
4.88369e+06
4.88289e+06
4.88206e+06
4.88206e+06

219.762
105.995
69.5231
52.653
45.6701
43.2002
42.8283
43.4457
44.5455
45.896
47.392
48.9864
50.6584
52.3999
54.2079
56.0825
58.0248
60.0365
62.1198
64.2771
66.5107
68.8232
71.2173
73.6957
76.2614
78.9173
81.6666
84.5123
87.4579
90.5067
93.6624
96.9286
100.309
103.808
107.429
111.176
115.055
119.069
123.223
127.522
131.971
136.575
141.34
146.27
151.373
156.653
162.117
167.772
173.623
179.677
185.943
192.426
199.134
206.076
213.259
220.691
228.381
236.338
244.572
253.091
261.905
271.025
280.461
290.224
300.324
310.775
321.587
332.773
344.346
356.318
368.704
381.518
394.774
408.487
422.672
437.347
452.526
468.228
484.471
501.271
518.649
536.623
555.213
574.441
594.328
614.895
636.166
658.164
680.912
704.437
728.764
753.92
779.931
806.826
834.634
863.386
893.112
923.843
955.614
988.456
1022.41
1057.5
1093.77
1093.77

2.34042
109.453
155.975
180.834
195.602
205.911
214.326
222.029
229.565
237.187
245.015
253.11
261.502
270.212
279.253
288.637
298.374
308.477
318.956
329.822
341.088
352.767
364.87
377.413
390.408
403.872
417.818
432.263
447.224
462.717
478.761
495.373
512.574
530.382
548.819
567.906
587.665
608.119
629.291
651.207
673.891
697.37
721.672
746.824
772.856
799.798
827.681
856.539
886.404
917.311
949.296
982.396
1016.65
1052.1
1088.78
1126.74
1166.02
1206.66
1248.72
1292.25
1337.28
1383.88
1432.1
1482
1533.62
1587.04
1642.31
1699.49
1758.66
1819.87
1883.21
1948.74
2016.54
2086.68
2159.25
2234.33
2312
2392.35
2475.47
2561.46
2650.42
2742.44
2837.63
2936.1
3037.96
3143.31
3252.29
3365.01
3481.59
3602.17
3726.89
3855.87
3989.27
4127.22
4269.89
4417.43
4569.99
4727.76
4890.89
5059.57
5233.97
5414.3
5600.73
5600.73

16
21.8524
34.8344
50.5422
67.2212
84.0903
100.825
117.307
133.511
149.454
165.169
180.696
196.079
211.358
226.575
241.77
256.982
272.246
287.6
303.076
318.71
334.533
350.578
366.875
383.456
400.35
417.588
435.198
453.21
471.652
490.555
509.948
529.858
550.316
571.351
592.993
615.272
638.219
661.864
686.24
711.378
737.311
764.073
791.697
820.22
849.676
880.102
911.537
944.019
977.587
1012.28
1048.15
1085.23
1123.57
1163.21
1204.2
1246.59
1290.44
1335.78
1382.69
1431.2
1481.39
1533.3
1587
1642.55
1700.02
1759.48
1820.98
1884.62
1950.45
2018.56
2089.02
2161.92
2237.34
2315.37
2396.1
2479.62
2566.03
2655.42
2747.9
2843.58
2942.57
3044.97
3150.91
3260.5
3373.88
3491.17
3612.5
3738.01
3867.84
4002.15
4141.07
4284.78
4433.42
4587.17
4746.2
4910.69
5080.81
5256.77
5438.75
5626.95
5821.6
6022.89
6022.89

12
11.5053
11.1903
11.1098
11.2741
11.6753
12.2982
13.1259
14.1414
15.329
16.6741
18.1637
19.7862
21.5316
23.3907
25.3558
27.4203
29.5782
31.8248
34.156
36.5686
39.0599
41.6281
44.2717
46.9899
49.7824
52.6494
55.5914
58.6094
61.7046
64.8788
68.134
71.4724
74.8966
78.4095
82.0141
85.7139
89.5123
93.4133
97.4208
101.539
105.773
110.126
114.604
119.212
123.955
128.839
133.868
139.05
144.39
149.894
155.57
161.423
167.46
173.689
180.118
186.753
193.603
200.676
207.98
215.524
223.317
231.368
239.687
248.283
257.167
266.349
275.84
285.652
295.795
306.282
317.125
328.337
339.93
351.92
364.318
377.141
390.403
404.119
418.305
432.979
448.156
463.854
480.093
496.889
514.264
532.236
550.827
570.058
589.951
610.528
631.814
653.833
676.609
700.17
724.541
749.75
775.826
802.799
830.699
859.557
889.407
920.28
920.28

4
4.04475
4.06707
4.07851
4.09053
4.11325
4.15515
4.22306
4.32231
4.45697
4.62996
4.84334
5.09841
5.39584
5.73586
6.11829
6.54268
7.00837
7.51454
8.06028
8.64464
9.26665
9.92533
10.6198
11.3491
12.1126
12.9094
13.7391
14.601
15.4948
16.4202
17.3769
18.3651
19.3845
20.4355
21.5183
22.6332
23.7807
24.9613
26.1758
27.425
28.7096
30.0307
31.3893
32.7865
34.2236
35.702
37.2229
38.788
40.3987
42.0568
43.764
45.5221
47.333
49.1987
51.1213
53.1029
55.1459
57.2524
59.425
61.6661
63.9783
66.3643
68.8269
71.369
73.9935
76.7036
79.5023
82.393
85.3791
88.464
91.6515
94.9452
98.3491
101.867
105.503
109.262
113.148
117.165
121.318
125.612
130.053
134.644
139.393
144.303
149.381
154.633
160.064
165.682
171.492
177.502
183.718
190.147
196.798
203.676
210.791
218.151
225.764
233.638
241.783
250.208
258.923
267.937
267.937

12
13.2661
15.0805
17.6713
21.1275
25.4788
30.7288
36.8709
43.8951
51.7913
60.5507
70.166
80.6321
91.9458
104.106
117.114
130.971
145.684
161.257
177.699
195.021
213.233
232.348
252.382
273.35
295.271
318.164
342.05
366.952
392.894
419.901
448.001
477.223
507.596
539.154
571.93
605.96
641.279
677.927
715.945
755.375
796.261
838.648
882.585
928.121
975.309
1024.2
1074.86
1127.33
1181.68
1237.97
1296.28
1356.65
1419.17
1483.91
1550.94
1620.33
1692.18
1766.57
1843.57
1923.28
2005.8
2091.22
2179.63
2271.15
2365.87
2463.92
2565.4
2670.43
2779.13
2891.64
3008.08
3128.59
3253.31
3382.38
3515.95
3654.19
3797.25
3945.29
4098.5
4257.04
4421.11
4590.89
4766.58
4948.39
5136.52
5331.2
5532.64
5741.09
5956.78
6179.96
6410.9
6649.85
6897.1
7152.92
7417.62
7691.5
7974.86
8268.05
8571.39
8885.23
9209.94
9545.87
9545.87

1
1.07665
1.15391
1.23149
1.30926
1.38736
1.46606
1.54579
1.62711
1.71065
1.79711
1.88726
1.98186
2.08172
2.18765
2.30046
2.42096
2.54993
2.68816
2.8364
2.99541
3.16591
3.3486
3.54418
3.75332
3.97667
4.21489
4.46859
4.7384
5.02493
5.32878
5.65056
5.99085
6.35026
6.72939
7.12883
7.5492
7.99112
8.4552
8.94208
9.45243
9.9869
10.5462
11.131
11.742
12.38
13.0458
13.7402
14.4639
15.2178
16.0029
16.8201
17.6702
18.5543
19.4734
20.4286
21.4209
22.4516
23.5218
24.6327
25.7857
26.982
28.223
29.5102
30.8451
32.2291
33.6639
35.1512
36.6927
38.2901
39.9453
41.6603
43.4369
45.2773
47.1837
49.1581
51.203
53.3206
55.5135
57.7842
60.1353
62.5695
65.0898
67.699
70.4002
73.1964
76.091
79.0874
82.1889
85.3993
88.7222
92.1615
95.7212
99.4054
103.218
107.165
111.249
115.476
119.85
124.376
129.061
133.908
138.925
138.925

