1.525e+06
1.52499e+06
1.52482e+06
1.52462e+06
1.52441e+06
1.52418e+06
1.52395e+06
1.5237e+06
1.52344e+06
1.52317e+06
1.5229e+06
1.52261e+06
1.52231e+06
1.522e+06
1.52167e+06
1.52134e+06
1.52099e+06
1.52063e+06
1.52025e+06
1.51986e+06
1.51946e+06
1.51904e+06
1.5186e+06
1.51815e+06
1.51768e+06
1.51719e+06
1.51668e+06
1.51616e+06
1.51561e+06
1.51505e+06
1.51446e+06
1.51385e+06
1.51322e+06
1.51257e+06
1.51189e+06
1.51118e+06
1.51045e+06
1.50969e+06
1.50891e+06
1.50809e+06
1.50725e+06
1.50637e+06
1.50546e+06
1.50452e+06
1.50354e+06
1.50253e+06
1.50148e+06
1.50039e+06
1.49926e+06
1.4981e+06
1.49689e+06
1.49564e+06
1.49434e+06
1.49299e+06
1.4916e+06
1.49016e+06
1.48867e+06
1.48713e+06
1.48553e+06
1.48387e+06
1.48216e+06
1.48039e+06
1.47856e+06
1.47667e+06
1.47471e+06
1.47269e+06
1.4706e+06
1.46844e+06
1.4662e+06
1.4639e+06
1.46152e+06
1.45906e+06
1.45652e+06
1.4539e+06
1.45119e+06
1.44841e+06
1.44553e+06
1.44256e+06
1.43951e+06
1.43636e+06
1.43311e+06
1.42977e+06
1.42633e+06
1.42279e+06
1.41915e+06
1.4154e+06
1.41155e+06
1.40759e+06
1.40352e+06
1.39934e+06
1.39505e+06
1.39065e+06
1.38613e+06
1.3815e+06
1.37675e+06
1.37188e+06
1.3669e+06
1.3618e+06
1.35658e+06
1.35124e+06
1.34578e+06
1.34021e+06
1.33451e+06
1.33451e+06

1712.75
929.097
632.537
486.932
420.942
394.809
388.851
393.239
403.073
415.917
430.563
446.42
463.202
480.78
499.101
518.15
537.932
558.463
579.766
601.864
624.785
648.557
673.209
698.771
725.276
752.754
781.24
810.769
841.374
873.093
905.962
940.02
975.306
1011.86
1049.72
1088.94
1129.55
1171.6
1215.13
1260.19
1306.83
1355.1
1405.03
1456.69
1510.13
1565.39
1622.52
1681.59
1742.64
1805.72
1870.9
1938.22
2007.74
2079.51
2153.6
2230.05
2308.92
2390.26
2474.13
2560.59
2649.67
2741.45
2835.95
2933.24
3033.36
3136.36
3242.27
3351.14
3463
3577.89
3695.84
3816.88
3941.02
4068.29
4198.7
4332.25
4468.95
4608.79
4751.77
4897.86
5047.04
5199.27
5354.52
5512.73
5673.84
5837.79
6004.49
6173.85
6345.78
6520.16
6696.86
6875.76
7056.7
7239.53
7424.07
7610.13
7797.53
7986.04
8175.44
8365.51
8555.99
8746.62
8937.13
8937.13

86.4982
835.149
1208.67
1426.71
1567.06
1669.87
1755.2
1833.12
1908.71
1984.53
2061.94
2141.66
2224.1
2309.53
2398.13
2490.08
2585.49
2684.52
2787.3
2893.96
3004.64
3119.48
3238.65
3362.28
3490.54
3623.6
3761.61
3904.76
4053.22
4207.18
4366.82
4532.36
4703.98
4881.89
5066.31
5257.47
5455.57
5660.86
5873.58
6093.96
6322.27
6558.75
6803.67
7057.29
7319.9
7591.78
7873.21
8164.48
8465.89
8777.76
9100.38
9434.07
9779.16
10136
10504.8
10886
11280
11687
12107.4
12541.5
12989.7
13452.3
13929.8
14422.3
14930.3
15454
15993.9
16550.3
17123.5
17713.7
18321.4
18946.8
19590.2
20251.8
20932
21630.9
22348.8
23086
23842.5
24618.5
25414.2
26229.6
27064.9
27920.1
28795.1
29689.9
30604.5
31538.7
32492.4
33465.2
34457.1
35467.6
36496.4
37543
38606.9
39687.6
40784.4
41896.7
43023.7
44164.6
45318.4
46484.2
47661
47661

0
45.0869
133.055
239.071
352.027
466.604
580.399
692.449
802.495
910.617
1017.05
1122.1
1226.11
1329.39
1432.27
1535.08
1638.11
1741.67
1846.02
1951.44
2058.2
2166.55
2276.74
2389
2503.58
2620.72
2740.62
2863.53
2989.67
3119.27
3252.53
3389.69
3530.96
3676.57
3826.75
3981.71
4141.69
4306.91
4477.61
4654.03
4836.39
5024.95
5219.96
5421.65
5630.29
5846.14
6069.46
6300.53
6539.6
6786.97
7042.92
7307.74
7581.73
7865.18
8158.4
8461.7
8775.4
9099.82
9435.28
9782.12
10140.7
10511.3
10894.3
11290
11698.8
12121.1
12557.2
13007.4
13472.1
13951.7
14446.5
14956.9
15483.3
16025.9
16585.1
17161.4
17754.9
18366.1
18995.3
19642.7
20308.7
20993.5
21697.5
22420.8
23163.7
23926.5
24709.3
25512.3
26335.6
27179.4
28043.7
28928.7
29834.2
30760.3
31706.9
32674
33661.4
34668.8
35696.1
36743
37809.1
38894.1
39997.4
39997.4

0
0.0408143
0.246836
0.672287
1.32644
2.19902
3.27188
4.52463
5.93727
7.49137
9.17048
10.9602
12.8482
14.8239
16.8786
19.0048
21.1967
23.4496
25.7598
28.1247
30.5425
33.0123
35.5337
38.1069
40.733
43.4131
46.1492
48.9433
51.798
54.7162
57.7009
60.7557
63.8842
67.0901
70.3777
73.7512
77.2149
80.7737
84.4321
88.1952
92.068
96.0558
100.164
104.398
108.763
113.266
117.912
122.707
127.658
132.77
138.051
143.506
149.143
154.968
160.989
167.212
173.646
180.297
187.172
194.281
201.63
209.227
217.082
225.201
233.594
242.268
251.234
260.498
270.071
279.961
290.178
300.729
311.626
322.876
334.49
346.477
358.845
371.605
384.765
398.336
412.326
426.744
441.6
456.903
472.66
488.881
505.574
522.747
540.408
558.563
577.221
596.387
616.068
636.269
656.995
678.251
700.04
722.365
745.228
768.632
792.575
817.059
842.081
842.081

0
0.000460881
0.00468608
0.0187663
0.048957
0.100677
0.178188
0.284586
0.421919
0.591352
0.793332
1.02775
1.29406
1.59143
1.91879
2.27494
2.65863
3.06855
3.50346
3.96214
4.44344
4.94633
5.46987
6.01324
6.57574
7.15679
7.75592
8.37281
9.00723
9.65909
10.3284
11.0152
11.7199
12.4426
13.1838
13.9441
14.7239
15.5239
16.3449
17.1876
18.053
18.9419
19.8554
20.7945
21.7603
22.7539
23.7767
24.8298
25.9145
27.0322
28.1842
29.3722
30.5974
31.8615
33.166
34.5125
35.9026
37.3382
38.8208
40.3524
41.9346
43.5693
45.2585
47.0041
48.808
50.6722
52.5988
54.5899
56.6476
58.774
60.9714
63.2418
65.5877
68.0113
70.5149
73.1007
75.7713
78.5289
81.3759
84.3148
87.3479
90.4778
93.7068
97.0373
100.472
104.013
107.662
111.423
115.298
119.288
123.396
127.624
131.975
136.45
141.052
145.782
150.642
155.634
160.759
166.019
171.415
176.949
182.62
182.62

0
1.75035
9.4285
25.0693
49.5069
83.0115
125.591
177.139
237.513
306.566
384.164
470.195
564.575
667.241
778.159
897.317
1024.73
1160.43
1304.48
1456.96
1617.97
1787.63
1966.09
2153.5
2350.04
2555.91
2771.32
2996.52
3231.75
3477.28
3733.4
4000.41
4278.64
4568.42
4870.12
5184.12
5510.79
5850.57
6203.88
6571.17
6952.91
7349.59
7761.71
8189.81
8634.43
9096.14
9575.54
10073.2
10589.9
11126.1
11682.5
12260
12859.1
13480.6
14125.4
14794.2
15487.8
16207.1
16953
17726.4
18528.1
19359.2
20220.6
21113.3
22038.4
22997
23990.1
25018.9
26084.6
27188.2
28331
29514.3
30739.3
32007.4
33319.7
34677.8
36083
37536.6
39040.2
40595.1
42202.9
43865
45583.1
47358.5
49193
51088.1
53045.3
55066.4
57153
59306.6
61528.9
63821.7
66186.5
68625
71138.9
73729.8
76399.3
79149.1
81980.8
84896
87896.2
90983
94157.8
94157.8

0
7.47709e-07
5.21744e-05
0.000326967
0.00116146
0.0030443
0.0065896
0.0125065
0.0215701
0.0345971
0.0524244
0.0758928
0.105835
0.143065
0.188372
0.242516
0.306225
0.380195
0.465087
0.561531
0.670127
0.791446
0.926034
1.07441
1.23709
1.41454
1.60725
1.81568
2.04029
2.28151
2.53982
2.81565
3.10947
3.42173
3.75292
4.10351
4.47401
4.86492
5.27678
5.71015
6.16559
6.6437
7.14511
7.67046
8.22043
8.79572
9.39708
10.0253
10.6811
11.3653
12.0789
12.8228
13.5978
14.405
15.2454
16.1201
17.0301
17.9767
18.961
19.9842
21.0476
22.1527
23.3007
24.4931
25.7313
27.017
28.3516
29.7369
31.1746
32.6662
34.2138
35.8191
37.4841
39.2107
41.001
42.8571
44.7811
46.7753
48.8419
50.9833
53.2019
55.5001
57.8805
60.3457
62.8983
65.541
68.2767
71.1082
74.0384
77.0702
80.2067
83.4509
86.806
90.2752
93.8616
97.5687
101.4
105.358
109.447
113.671
118.032
122.534
127.181
127.181

