1252.96
1252.81
1252.65
1252.47
1252.28
1252.08
1251.87
1251.64
1251.4
1251.14
1250.87
1250.59
1250.28
1249.96
1249.63
1249.27
1248.89
1248.49
1248.07
1247.62
1247.15
1246.66
1246.13
1245.58
1244.99
1244.37
1243.72
1243.03
1242.31
1241.54
1240.73
1239.87
1238.97
1238.02
1237.01
1235.95
1234.83
1233.65
1232.41
1231.09
1229.71
1228.24
1226.7
1225.08
1223.37
1221.56
1219.66
1217.65
1215.54
1213.32
1210.98
1208.51
1205.91
1203.18
1200.31
1197.28
1194.1
1190.76
1187.24
1183.55
1179.67
1175.59
1171.31
1166.82
1162.11
1157.17
1151.99
1146.57
1140.88
1134.94
1128.71
1122.21
1115.4
1108.3
1100.88
1093.15
1085.08
1076.68
1067.93
1058.83
1049.37
1039.54
1029.34
1018.76
1007.81
996.472
984.75
972.642
960.15
947.274
934.02
920.391
906.393
892.035
877.326
862.278
846.904
831.218
815.237
798.979
782.464
765.714
748.75
731.598
1
1.01487
1.04527
1.08312
1.1277
1.17842
1.23486
1.29674
1.36389
1.43622
1.51371
1.59643
1.68446
1.77796
1.87712
1.98215
2.0933
2.21085
2.33511
2.46642
2.60513
2.75161
2.90628
3.06957
3.24194
3.42386
3.61584
3.81842
4.03216
4.25765
4.49552
4.74641
5.011
5.29002
5.58422
5.89437
6.2213
6.56588
6.92899
7.31157
7.7146
8.1391
8.58612
9.05677
9.55219
10.0736
10.6221
11.1992
11.806
12.444
13.1145
13.819
14.559
15.336
16.1515
17.0072
17.9047
18.8455
19.8314
20.864
21.945
23.076
24.2588
25.4949
26.786
28.1337
29.5394
31.0046
32.5306
34.1187
35.7701
37.4856
39.2662
41.1123
43.0246
45.003
47.0476
49.1579
51.3333
53.5727
55.8747
58.2373
60.6584
63.1352
65.6645
68.2424
70.8648
73.5268
76.2229
78.9471
81.693
84.4532
87.2202
89.9855
92.7404
95.4754
98.1809
100.847
103.462
106.016
108.497
110.895
113.199
115.396
1
1.05308
1.10499
1.15739
1.21113
1.26691
1.32532
1.38689
1.45204
1.52117
1.59463
1.67277
1.75588
1.8443
1.93833
2.03827
2.14445
2.2572
2.37685
2.50376
2.63831
2.78089
2.9319
3.0918
3.26102
3.44007
3.62944
3.82969
4.04137
4.26508
4.50146
4.75117
5.0149
5.29341
5.58745
5.89784
6.22545
6.57115
6.93591
7.32069
7.72655
8.15456
8.60586
9.08163
9.58312
10.1116
10.6685
11.2551
11.873
12.5237
13.2088
13.9298
14.6886
15.487
16.3267
17.2096
18.1378
19.1132
20.138
21.2142
22.3441
23.5299
24.7738
26.0783
27.4457
28.8782
30.3785
31.9487
33.5915
35.3091
37.1039
38.9783
40.9345
42.9746
45.1009
47.3152
49.6195
52.0153
54.5042
57.0873
59.7658
62.5404
65.4114
68.3789
71.4427
74.6019
77.8554
81.2016
84.6381
88.1624
91.771
95.46
99.2247
103.06
106.96
110.917
114.925
118.976
123.06
127.168
131.29
135.415
139.531
143.627
0
0.0763329
0.152563
0.228679
0.304754
0.380918
0.457341
0.534225
0.611798
0.690303
0.770002
0.851167
0.934081
1.01903
1.10633
1.19626
1.28916
1.38533
1.48511
1.58884
1.69686
1.80953
1.92722
2.05031
2.1792
2.31429
2.45602
2.60481
2.76113
2.92545
3.09829
3.28015
3.47159
3.67316
3.88548
4.10916
4.34485
4.59325
4.85505
5.13103
5.42196
5.72867
6.05202
6.39292
6.75231
7.13119
7.5306
7.95162
8.3954
8.86312
9.35602
9.87541
10.4226
10.9991
11.6064
12.2459
12.9192
13.6281
14.3743
15.1596
15.9858
16.8548
17.7687
18.7296
19.7395
20.8006
21.9153
23.0858
24.3146
25.604
26.9565
28.3746
29.861
31.4182
33.0488
34.7556
36.541
38.4077
40.3584
42.3957
44.5219
46.7397
49.0514
51.4592
53.9653
56.5716
59.2801
62.0922
65.0095
68.0329
71.1634
74.4014
77.7472
81.2006
84.7609
88.4271
92.1978
96.0708
100.044
104.113
108.276
112.528
116.864
121.278
0
0.00143999
0.00572735
0.0128123
0.0226471
0.0351889
0.0504009
0.068254
0.0887279
0.111811
0.137502
0.16581
0.196752
0.230359
0.26667
0.305737
0.347619
0.392391
0.440135
0.490947
0.544932
0.602208
0.662905
0.727164
0.795139
0.866997
0.942917
1.02309
1.10773
1.19705
1.29129
1.3907
1.49555
1.60612
1.72272
1.84566
1.97528
2.11194
2.25602
2.40793
2.56808
2.73692
2.91492
3.10258
3.30042
3.509
3.7289
3.96073
4.20513
4.46279
4.73441
5.02075
5.32259
5.64076
5.97613
6.32961
6.70215
7.09477
7.5085
7.94444
8.40376
8.88765
9.39737
9.93424
10.4996
11.095
11.7218
12.3816
13.076
13.8067
14.5755
15.3842
16.2346
17.1287
18.0686
19.0563
20.0939
21.1837
22.328
23.5291
24.7893
26.1112
27.4973
28.9501
30.4722
32.0662
33.7348
35.4807
37.3066
39.2152
41.2091
43.2912
45.4639
47.7299
50.0918
52.5521
55.1131
57.7771
60.5463
63.4227
66.4082
69.5045
72.713
76.0351
0
6.4387e-06
4.96808e-05
0.000161705
0.000369834
0.000697371
0.00116417
0.00178717
0.00258085
0.00355767
0.00472844
0.00610267
0.00768883
0.00949465
0.0115274
0.0137938
0.0163008
0.0190551
0.0220636
0.0253336
0.0288727
0.0326889
0.0367911
0.0411886
0.0458914
0.0509105
0.0562577
0.0619457
0.0679882
0.0744001
0.0811972
0.0883965
0.0960163
0.104076
0.112597
0.121601
0.131113
0.141156
0.151759
0.16295
0.17476
0.187219
0.200363
0.214228
0.228852
0.244274
0.260539
0.27769
0.295776
0.314847
0.334955
0.356156
0.378508
0.402075
0.42692
0.453112
0.480723
0.509829
0.540508
0.572845
0.606927
0.642845
0.680696
0.720581
0.762605
0.806879
0.853518
0.902644
0.954383
1.00887
1.06623
1.12662
1.19019
1.25708
1.32747
1.40152
1.47941
1.56131
1.64741
1.73791
1.833
1.9329
2.03782
2.14797
2.26357
2.38487
2.51209
2.64548
2.78528
2.93174
3.08512
3.24567
3.41364
3.58931
3.77293
3.96476
4.16506
4.37409
4.5921
4.81934
5.05606
5.30249
5.55886
5.82538
0
0.000971385
0.00317205
0.00660752
0.0112849
0.0172138
0.0244068
0.03288
0.0426534
0.0537513
0.0662021
0.0800391
0.0953001
0.112028
0.130271
0.150081
0.171517
0.194643
0.219528
0.246247
0.274881
0.305517
0.338249
0.373176
0.410406
0.450052
0.492236
0.537087
0.584743
0.635349
0.689059
0.746036
0.806456
0.870499
0.938362
1.01025
1.08638
1.16697
1.25228
1.34256
1.43807
1.5391
1.64595
1.75894
1.87839
2.00467
2.13814
2.27919
2.42822
2.58568
2.75201
2.9277
3.11324
3.30917
3.51603
3.73441
3.96493
4.20822
4.46496
4.73586
5.02166
5.32313
5.6411
5.9764
6.32994
6.70265
7.09549
7.50949
7.9457
8.40525
8.88927
9.39897
9.9356
10.5005
11.0949
11.7203
12.3782
13.07
13.7973
14.5617
15.3648
16.2084
17.0942
18.024
18.9997
20.0232
21.0963
22.2211
23.3996
24.6338
25.9257
27.2775
28.6913
30.1691
31.7131
33.3254
35.0081
36.7633
38.5931
40.4993
42.4842
44.5494
46.6969
48.9285
0
1.09406e-06
9.00831e-06
3.12284e-05
7.58569e-05
0.000151515
0.000267263
0.00043254
0.00065711
0.000951036
0.00132465
0.00178853
0.00235352
0.0030307
0.00383142
0.00476729
0.00585022
0.00709242
0.00850645
0.0101052
0.0119021
0.0139108
0.0161456
0.0186212
0.021353
0.0243568
0.0276493
0.0312478
0.0351703
0.0394356
0.0440636
0.0490749
0.0544912
0.0603353
0.0666309
0.0734033
0.0806788
0.0884852
0.0968516
0.105809
0.115389
0.125627
0.136557
0.148219
0.160651
0.173896
0.187997
0.203003
0.21896
0.235923
0.253944
0.273081
0.293396
0.314951
0.337815
0.362057
0.387752
0.414979
0.443821
0.474364
0.506701
0.540926
0.577142
0.615456
0.655978
0.698828
0.744128
0.792009
0.842607
0.896065
0.952534
1.01217
1.07514
1.14162
1.21178
1.28583
1.36395
1.44635
1.53326
1.6249
1.7215
1.82332
1.93061
2.04364
2.16269
2.28805
2.42002
2.55892
2.70508
2.85883
3.02052
3.19052
3.3692
3.55694
3.75415
3.96123
4.17861
4.40673
4.64602
4.89694
5.15996
5.43555
5.7242
6.0264
0
4.1385e-08
6.26162e-07
3.07104e-06
9.42517e-06
2.23628e-05
4.50912e-05
8.12716e-05
0.000134953
0.000210518
0.000312634
0.000446222
0.000616423
0.000828578
0.00108821
0.00140103
0.0017729
0.00220985
0.00271809
0.003304
0.00397415
0.00473529
0.00559438
0.00655863
0.00763545
0.00883254
0.0101579
0.0116197
0.0132267
0.0149877
0.0169122
0.0190097
0.0212906
0.0237655
0.0264455
0.0293423
0.0324681
0.0358358
0.039459
0.0433517
0.047529
0.0520065
0.0568007
0.061929
0.0674098
0.0732622
0.0795066
0.0861644
0.0932581
0.100811
0.108849
0.117398
0.126486
0.136142
0.146397
0.157283
0.168834
0.181087
0.19408
0.207853
0.222446
0.237906
0.254279
0.271613
0.28996
0.309375
0.329915
0.351639
0.374611
0.398897
0.424567
0.451693
0.480353
0.510627
0.542599
0.576358
0.611996
0.649611
0.689305
0.731183
0.775357
0.821944
0.871064
0.922845
0.977418
1.03492
1.0955
1.15931
1.22649
1.29721
1.37165
1.44996
1.53235
1.61898
1.71006
1.80578
1.90636
2.01199
2.12292
2.23935
2.36152
2.48967
2.62404
2.76488
