520891
520728
520568
520404
520234
520057
519870
519672
519462
519238
518999
518744
518472
518180
517867
517533
517175
516791
516381
515941
515470
514965
514425
513847
513228
512566
511857
511099
510288
509421
508494
507503
506443
505312
504103
502813
501436
499967
498399
496729
494948
493052
491033
488885
486601
484173
481595
478858
475955
472879
469622
466176
462533
458686
454628
450352
445852
441120
436153
430945
425493
419793
413843
407643
401194
394497
387555
380375
372963
365327
357478
349429
341192
332783
324221
315524
306713
297808
288834
279813
270771
261731
252718
243757
234872
226086
217421
208900
200540
192360
184378
176606
169058
161744
154672
147850
141281
134970
128917
123121
117582
112295
107257
107257

158.787
283.478
386.791
477.315
559.06
635.145
707.992
779.497
851.17
924.23
999.687
1078.39
1161.1
1248.46
1341.11
1439.62
1544.57
1656.52
1776.04
1903.72
2040.16
2185.99
2341.86
2508.46
2686.5
2876.75
3079.99
3297.07
3528.85
3776.26
4040.27
4321.88
4622.14
4942.16
5283.06
5646.04
6032.32
6443.15
6879.82
7343.65
7835.99
8358.18
8911.58
9497.55
10117.4
10772.5
11464.1
12193.3
12961.4
13769.2
14617.7
15507.5
16439.3
17413.2
18429.4
19487.6
20587.2
21727.4
22906.7
24123.3
25375.1
26659.3
27972.4
29310.7
30669.6
32044.1
33428.5
34816.5
36201.2
37575.3
38930.9
40259.6
41552.8
42801.5
43996.7
45129.2
46190
47170.4
48061.8
48856.4
49547
50127.1
50591.3
50935.2
51155.3
51249.5
51217.1
51058.3
50774.8
50369.5
49846.4
49210.6
48468.3
47626.4
46692.6
45675.2
44582.9
43424.8
42210
40947.7
39647.1
38316.9
36965.7
36965.7

985.439
970.262
974.675
994.782
1028
1072.44
1126.81
1190.2
1262.04
1342.03
1430.04
1526.13
1630.47
1743.33
1865.09
1996.21
2137.2
2288.65
2451.21
2625.6
2812.59
3013.01
3227.76
3457.79
3704.13
3967.87
4250.18
4552.28
4875.49
5221.2
5590.89
5986.1
6408.49
6859.78
7341.82
7856.53
8405.92
8992.12
9617.34
10283.9
10994.2
11750.8
12556.2
13413.2
14324.5
15293
16321.5
17413.1
18570.6
19797.1
21095.7
22469.2
23920.6
25452.7
27068.3
28769.8
30559.7
32440
34412.6
36478.9
38639.9
40896.2
43247.8
45694.2
48234.2
50865.7
53586.1
56391.8
59278.3
62240.2
65271
68363.5
71509.1
74698.5
77921.3
81166
84420.4
87671.4
90905.1
94107.3
97262.8
100356
103373
106296
109112
111804
114360
116764
119004
121069
122948
124632
126113
127384
128442
129282
129903
130305
130490
130460
130221
129776
129133
129133

0
46.1079
89.3346
130.672
170.905
210.67
250.49
290.809
332.009
374.43
418.384
464.163
512.046
562.31
615.227
671.077
730.146
792.728
859.132
929.678
1004.71
1084.58
1169.66
1260.36
1357.11
1460.34
1570.54
1688.21
1813.89
1948.14
2091.59
2244.85
2408.62
2583.62
2770.61
2970.4
3183.84
3411.85
3655.36
3915.4
4193.02
4489.34
4805.53
5142.82
5502.5
5885.92
6294.48
6729.64
7192.93
7685.92
8210.22
8767.53
9359.54
9988.02
10654.7
11361.5
12110.2
12902.5
13740.4
14625.5
15559.6
16544.4
17581.5
18672.3
19818.3
21020.6
22280.3
23598.2
24974.8
26410.6
27905.4
29459
31070.7
32739.5
34463.9
36242.1
38071.6
39949.8
41873.2
43838.2
45840.5
47875.4
49937.7
52021.9
54121.8
56231.3
58343.5
60451.5
62548.1
64626
66677.5
68695.3
70671.9
72599.9
74472.1
76281.5
78021.3
79685.3
81267.5
82762.3
84164.9
85470.5
86675.4
86675.4

0
0.00220339
0.00847377
0.0183961
0.0316577
0.0480268
0.0673368
0.0894741
0.114369
0.141989
0.172332
0.205427
0.241327
0.280107
0.321866
0.366724
0.41482
0.466315
0.521391
0.580249
0.643113
0.710229
0.781863
0.858308
0.939879
1.02692
1.1198
1.21891
1.32469
1.43758
1.55809
1.68674
1.82409
1.97074
2.12734
2.29458
2.47318
2.66392
2.86764
3.08521
3.31756
3.5657
3.83067
4.11359
4.41563
4.73805
5.08216
5.44936
5.84109
6.25889
6.70439
7.17927
7.68529
8.22431
8.79824
9.40909
10.0589
10.7499
11.4843
12.2642
13.0921
13.9704
14.9014
15.8876
16.9315
18.0356
19.2022
20.4339
21.7329
23.1017
24.5424
26.057
27.6476
29.316
31.0636
32.8918
34.8018
36.7942
38.8696
41.0281
43.2694
45.5927
47.9971
50.4809
53.0422
55.6784
58.3865
61.163
64.004
66.9048
69.8607
72.866
75.9151
79.0014
82.1185
85.2592
88.4163
91.5821
94.7489
97.9086
101.053
104.175
107.265
107.265

0
2.27266e-05
0.000172268
0.000551026
0.00124033
0.00230526
0.00379847
0.00576317
0.00823552
0.0112466
0.0148237
0.0189921
0.0237754
0.0291971
0.0352808
0.042051
0.0495336
0.0577565
0.06675
0.0765468
0.0871831
0.098698
0.111135
0.124541
0.138967
0.15447
0.171111
0.188957
0.20808
0.228557
0.250474
0.273922
0.299
0.325813
0.354475
0.38511
0.417849
0.452832
0.49021
0.530145
0.572809
0.618385
0.667071
0.719073
0.774616
0.833934
0.897279
0.964918
1.03713
1.11422
1.1965
1.2843
1.37798
1.4779
1.58446
1.69807
1.81915
1.94816
2.08556
2.23185
2.38753
2.55314
2.72922
2.91633
3.11507
3.32603
3.54981
3.78706
4.03838
4.30444
4.58586
4.8833
5.19738
5.52875
5.87801
6.24577
6.63261
7.03906
7.46563
7.9128
8.38098
8.87053
9.38175
9.91486
10.47
11.0473
11.6467
12.268
12.9112
13.5757
14.2613
14.9674
15.6932
16.4381
17.2011
17.9813
18.7774
19.5884
20.4127
21.2491
22.096
22.9516
23.8144
23.8144

0
6.90225
16.4101
28.483
43.1146
60.3275
80.1698
102.712
128.044
156.274
187.532
221.96
259.722
300.998
345.985
394.901
447.98
505.481
567.68
634.878
707.399
785.591
869.831
960.521
1058.1
1163.02
1275.8
1396.96
1527.08
1666.77
1816.68
1977.53
2150.05
2335.06
2533.39
2745.98
2973.78
3217.84
3479.25
3759.19
4058.91
4379.74
4723.08
5090.43
5483.38
5903.59
6352.86
6833.04
7346.14
7894.23
8479.53
9104.34
9771.1
10482.4
11240.8
12049.2
12910.5
13827.7
14804
15842.6
16946.9
18120.4
19366.7
20689.5
22092.5
23579.5
25154.5
26821.2
28583.7
30445.8
32411.5
34484.7
36669.1
38968.3
41386
43925.5
46590.1
49382.7
52306
55362.5
58554.3
61883.1
65350.3
68957
72703.5
76590.2
80616.5
84781.6
89084.3
93522.5
98094
102796
107625
112577
117648
122834
128129
133527
139023
144610
150282
156032
161854
161854

0
2.2868e-07
3.35102e-06
1.61767e-05
4.89727e-05
0.000114762
0.000228783
0.00040808
0.00067119
0.00103792
0.00152916
0.00216683
0.00297372
0.00397355
0.00519091
0.00665129
0.00838116
0.010408
0.0127603
0.0154679
0.0185619
0.0220746
0.0260403
0.0304945
0.035475
0.0410213
0.0471754
0.0539815
0.0614866
0.0697404
0.0787957
0.0887087
0.0995392
0.111351
0.124211
0.138193
0.153372
0.169832
0.18766
0.20695
0.227802
0.250322
0.274623
0.300829
0.329068
0.359478
0.392208
0.427414
0.465264
0.505937
0.549624
0.596525
0.646858
0.700852
0.758749
0.820809
0.887307
0.958533
1.0348
1.11642
1.20376
1.29717
1.39704
1.50378
1.61782
1.7396
1.8696
2.00832
2.15628
2.31402
2.48212
2.66116
2.85176
3.05457
3.27025
3.49949
3.743
4.00152
4.27578
4.56657
4.87467
5.20088
5.54602
5.91092
6.29639
6.70328
7.13243
7.58466
8.06081
8.5617
9.08812
9.64086
10.2207
10.8283
11.4645
12.1299
12.825
13.5506
14.3071
15.095
15.9148
16.7668
17.6512
17.6512

