305617
305593
305560
305524
305485
305442
305398
305351
305302
305250
305195
305138
305079
305016
304950
304881
304809
304734
304654
304571
304485
304393
304298
304198
304093
303984
303869
303749
303623
303491
303352
303208
303056
302897
302731
302557
302375
302185
301985
301777
301558
301330
301091
300841
300579
300305
300019
299720
299407
299079
298737
298380
298006
297616
297208
296782
296338
295873
295389
294883
294355
293804
293230
292631
292006
291355
290677
289971
289236
288470
287673
286844
285982
285086
284154
283187
282182
281139
280057
278935
277772
276567
275319
274027
272691
271310
269883
268409
266888
265319
263702
262036
260322
258559
256747
254886
252976
251017
249010
246956
244855
242707
240514
240514

183.531
142.766
123.37
113.114
108.634
107.779
109.236
112.204
116.197
120.921
126.202
131.938
138.071
144.571
151.425
158.634
166.2
174.135
182.451
191.162
200.286
209.84
219.843
230.315
241.276
252.75
264.758
277.325
290.474
304.232
318.626
333.683
349.432
365.902
383.126
401.135
419.962
439.642
460.21
481.704
504.161
527.62
552.122
577.709
604.423
632.308
661.411
691.776
723.451
756.486
790.929
826.83
864.243
903.217
943.807
986.065
1030.05
1075.8
1123.39
1172.86
1224.28
1277.68
1333.13
1390.68
1450.37
1512.26
1576.39
1642.81
1711.56
1782.68
1856.2
1932.15
2010.56
2091.45
2174.84
2260.74
2349.14
2440.04
2533.43
2629.28
2727.56
2828.24
2931.24
3036.52
3143.99
3253.56
3365.13
3478.57
3593.76
3710.55
3828.78
3948.26
4068.8
4190.2
4312.22
4434.62
4557.16
4679.55
4801.51
4922.74
5042.94
5161.77
5278.92
5278.92

192.892
243.476
279.514
307.853
331.757
353.259
373.621
393.63
413.787
434.413
455.725
477.874
500.971
525.106
550.354
576.784
604.461
633.451
663.817
695.625
728.945
763.848
800.405
838.696
878.798
920.796
964.777
1010.83
1059.05
1109.54
1162.39
1217.72
1275.64
1336.26
1399.71
1466.1
1535.57
1608.25
1684.29
1763.84
1847.03
1934.04
2025.03
2120.15
2219.6
2323.55
2432.19
2545.7
2664.31
2788.2
2917.59
3052.71
3193.78
3341.02
3494.69
3655.01
3822.25
3996.66
4178.49
4368.02
4565.52
4771.26
4985.52
5208.59
5440.74
5682.27
5933.46
6194.6
6465.98
6747.88
7040.59
7344.39
7659.53
7986.3
8324.94
8675.71
9038.82
9414.51
9802.96
10204.4
10618.9
11046.6
11487.8
11942.3
12410.3
12891.8
13386.8
13895.2
14416.8
14951.6
15499.3
16059.6
16632.3
17216.9
17813
18420.1
19037.7
19665.1
20301.6
20946.4
21598.7
22257.5
22922
22922

0
10.1028
21.5295
33.7084
46.3215
59.1895
72.2181
85.3647
98.6184
111.987
125.491
139.157
153.015
167.101
181.448
196.094
211.076
226.432
242.2
258.419
275.131
292.374
310.191
328.624
347.715
367.511
388.055
409.394
431.578
454.655
478.676
503.694
529.764
556.943
585.287
614.858
645.719
677.933
711.568
746.693
783.381
821.706
861.746
903.58
947.293
992.97
1040.7
1090.58
1142.7
1197.16
1254.07
1313.52
1375.64
1440.54
1508.32
1579.12
1653.06
1730.27
1810.87
1895.02
1982.84
2074.49
2170.1
2269.85
2373.86
2482.32
2595.38
2713.2
2835.96
2963.83
3096.97
3235.57
3379.8
3529.85
3685.88
3848.09
4016.65
4191.75
4373.55
4562.23
4757.97
4960.94
5171.3
5389.2
5614.8
5848.24
6089.65
6339.16
6596.88
6862.91
7137.33
7420.2
7711.59
8011.52
8319.99
8637.01
8962.52
9296.48
9638.79
9989.34
10348
10714.5
11088.8
11088.8

0
0.00119873
0.00483719
0.0108436
0.0190531
0.029264
0.0412691
0.0548717
0.0698942
0.0861819
0.103603
0.122048
0.141429
0.161677
0.182739
0.204579
0.227174
0.250511
0.274591
0.299421
0.32502
0.351411
0.378625
0.4067
0.435679
0.465608
0.496541
0.528533
0.561647
0.595946
0.631499
0.668378
0.706659
0.746421
0.787747
0.830725
0.875443
0.921996
0.970481
1.021
1.07366
1.12857
1.18584
1.24559
1.30794
1.37303
1.44098
1.51192
1.58601
1.66339
1.74421
1.82863
1.91681
2.00893
2.10515
2.20567
2.31066
2.42033
2.53487
2.6545
2.77942
2.90986
3.04604
3.1882
3.33658
3.49144
3.65302
3.82158
3.9974
4.18075
4.37191
4.57116
4.77881
4.99514
5.22047
5.45509
5.69932
5.95347
6.21787
6.49282
6.77864
7.07567
7.38421
7.70458
8.03709
8.38206
8.73978
9.11055
9.49466
9.89236
10.3039
10.7296
11.1696
11.6242
12.0935
12.5777
13.077
13.5913
14.1209
14.6658
15.2259
15.8012
16.3917
16.3917

0
5.19411e-05
0.000397987
0.00128367
0.00289484
0.00536084
0.00876232
0.0131404
0.0185057
0.0248464
0.0321351
0.0403347
0.0494025
0.0592936
0.069964
0.0813721
0.0934799
0.106254
0.119667
0.133697
0.148325
0.163542
0.179342
0.195723
0.212692
0.230256
0.24843
0.267232
0.286685
0.306813
0.327647
0.349219
0.371566
0.394727
0.418743
0.443661
0.469528
0.496396
0.524316
0.553346
0.583545
0.614973
0.647696
0.681781
0.717297
0.754318
0.792919
0.833179
0.875181
0.919008
0.96475
1.0125
1.06235
1.1144
1.16875
1.22551
1.28479
1.3467
1.41136
1.4789
1.54943
1.62309
1.70001
1.78034
1.86421
1.95178
2.04319
2.13861
2.2382
2.34211
2.45054
2.56363
2.68159
2.80459
2.93282
3.06647
3.20574
3.35083
3.50193
3.65926
3.82302
3.99343
4.17069
4.35501
4.54662
4.74573
4.95254
5.16727
5.39013
5.62133
5.86107
6.10954
6.36693
6.63344
6.90923
7.19446
7.48931
7.79389
8.10835
8.4328
8.76732
9.112
9.46688
9.46688

0
3.62824
8.58697
14.7789
22.1515
30.6758
40.339
51.1391
63.0821
76.1799
90.4494
105.912
122.592
140.518
159.723
180.241
202.111
225.376
250.08
276.272
304.005
333.335
364.321
397.026
431.52
467.871
506.157
546.457
588.855
633.44
680.306
729.55
781.277
835.595
892.618
952.466
1015.26
1081.14
1150.25
1222.71
1298.69
1378.35
1461.84
1549.35
1641.05
1737.14
1837.8
1943.25
2053.7
2169.38
2290.52
2417.35
2550.15
2689.17
2834.68
2986.98
3146.37
3313.14
3487.63
3670.18
3861.12
4060.82
4269.66
4488.02
4716.31
4954.94
5204.35
5464.98
5737.29
6021.76
6318.89
6629.17
6953.14
7291.33
7644.29
8012.59
8396.82
8797.58
9215.47
9651.13
10105.2
10578.3
11071.2
11584.4
12118.8
12674.9
13253.6
13855.5
14481.3
15131.7
15807.6
16509.6
17238.4
17994.8
18779.6
19593.3
20436.8
21310.6
22215.6
23152.3
24121.5
25123.6
26159.4
26159.4

0
1.82371e-07
2.79222e-06
1.36277e-05
4.14566e-05
9.72084e-05
0.000193247
0.000342763
0.000559294
0.000856359
0.0012472
0.00174462
0.00236085
0.00310753
0.00399567
0.00503571
0.00623754
0.00761053
0.00916366
0.0109056
0.0128446
0.0149889
0.0173465
0.0199255
0.0227338
0.0257797
0.0290713
0.0326172
0.0364262
0.0405074
0.0448703
0.0495248
0.0544813
0.0597508
0.0653447
0.0712751
0.0775548
0.0841971
0.0912161
0.0986268
0.106445
0.114687
0.12337
0.132512
0.142133
0.152253
0.162892
0.174074
0.185822
0.19816
0.211114
0.224711
0.238979
0.253948
0.269648
0.286113
0.303375
0.321471
0.340437
0.360313
0.381138
0.402954
0.425806
0.449739
0.474802
0.501043
0.528515
0.557273
0.587371
0.618868
0.651826
0.686307
0.722378
0.760105
0.79956
0.840816
0.883948
0.929037
0.976162
1.02541
1.07686
1.13061
1.18676
1.24539
1.3066
1.37051
1.4372
1.50679
1.5794
1.65512
1.73409
1.81641
1.90221
1.99161
2.08475
2.18174
2.28272
2.38782
2.49719
2.61094
2.72923
2.85219
2.97996
2.97996

