1.551e+06
1.55093e+06
1.55079e+06
1.5506e+06
1.55038e+06
1.55013e+06
1.54985e+06
1.54953e+06
1.54919e+06
1.54882e+06
1.54842e+06
1.54799e+06
1.54752e+06
1.54702e+06
1.54648e+06
1.54591e+06
1.54529e+06
1.54463e+06
1.54393e+06
1.54318e+06
1.54237e+06
1.54151e+06
1.54058e+06
1.5396e+06
1.53855e+06
1.53742e+06
1.53622e+06
1.53493e+06
1.53356e+06
1.53209e+06
1.53052e+06
1.52885e+06
1.52706e+06
1.52515e+06
1.52312e+06
1.52094e+06
1.51862e+06
1.51615e+06
1.51351e+06
1.51069e+06
1.50769e+06
1.50449e+06
1.50108e+06
1.49745e+06
1.49358e+06
1.48946e+06
1.48508e+06
1.48042e+06
1.47546e+06
1.47018e+06
1.46458e+06
1.45863e+06
1.45232e+06
1.44561e+06
1.43851e+06
1.43098e+06
1.423e+06
1.41456e+06
1.40563e+06
1.3962e+06
1.38623e+06
1.37572e+06
1.36464e+06
1.35298e+06
1.3407e+06
1.3278e+06
1.31426e+06
1.30006e+06
1.28519e+06
1.26964e+06
1.2534e+06
1.23646e+06
1.21882e+06
1.20047e+06
1.18143e+06
1.1617e+06
1.14129e+06
1.12021e+06
1.09849e+06
1.07614e+06
1.05321e+06
1.02972e+06
1.00571e+06
981219
956304
931013
905402
879528
853454
827244
800964
774681
748461
722372
696480
670849
645540
620613
596122
572119
548651
525759
503481
503481

2331.9
2042.64
1868.6
1756.64
1693.95
1670.53
1678.83
1713.21
1769.48
1844.55
1936.21
2042.93
2163.68
2297.87
2445.2
2605.67
2779.45
2966.93
3168.6
3385.12
3617.24
3865.82
4131.81
4416.27
4720.34
5045.23
5392.27
5762.87
6158.5
6580.78
7031.38
7512.1
8024.81
8571.52
9154.33
9775.45
10437.2
11142
11892.5
12691.3
13541.2
14445
15406
16427.1
17511.6
18662.9
19884.3
21179.4
22551.9
24005.2
25543.1
27169.2
28887.2
30700.7
32613.2
34628.1
36748.5
38977.6
41318
43772
46341.7
49028.5
51833.3
54756.4
57797.3
60954.7
64226.4
67609.1
71098.4
74688.8
78373.4
82143.8
85990.4
89901.9
93865.5
97866.8
101890
105917
109930
113907
117828
121669
125407
129018
132477
135759
138839
141695
144302
146640
148688
150428
151845
152927
153663
154046
154072
153743
153060
152029
150661
148968
146965
146965

454.145
781.881
1056.5
1295.37
1509.05
1705.78
1892.02
2072.87
2252.41
2433.93
2620.17
2813.43
3015.68
3228.7
3454.09
3693.36
3947.97
4219.34
4508.9
4818.11
5148.46
5501.51
5878.89
6282.31
6713.57
7174.57
7667.35
8194.02
8756.88
9358.32
10000.9
10687.3
11420.5
12203.5
13039.4
13931.9
14884.3
15900.7
16985
18141.6
19374.8
20689.6
22090.8
23583.7
25173.9
26867.1
28669.4
30587
32626.6
34795
37099.2
39546.6
42144.9
44901.8
47825.2
50923.4
54204.7
57677.4
61350
65231.1
69328.9
73651.8
78207.9
83004.9
88050.3
93350.9
98913
104742
110843
117219
123874
130807
138019
145507
153268
161297
169584
178120
186892
195884
205080
214457
223994
233663
243436
253282
263167
273055
282908
292685
302347
311850
321152
330209
338978
347418
355486
363145
370356
377085
383300
388972
394077
394077

0
23.0631
56.1833
97.3174
145.005
198.193
256.145
318.366
384.552
454.547
528.313
605.906
687.458
773.165
863.274
958.083
1057.93
1163.19
1274.27
1391.63
1515.74
1647.13
1786.35
1933.99
2090.69
2257.12
2434
2622.08
2822.19
3035.17
3261.97
3503.53
3760.91
4035.21
4327.59
4639.3
4971.65
5326.05
5703.98
6107.03
6536.84
6995.21
7483.99
8005.17
8560.85
9153.23
9784.66
10457.6
11174.6
11938.5
12752.1
13618.4
14540.6
15521.9
16565.9
17676.2
18856.5
20110.7
21442.8
22857.1
24357.9
25949.5
27636.7
29423.9
31315.9
33317.6
35433.7
37669.1
40028.6
42517
45138.9
47898.9
50801.3
53850.3
57049.7
60403.1
63913.4
67583.4
71415
75409.9
79568.8
83891.7
88377.9
93025.7
97832.7
102795
107908
113167
118564
124091
129739
135498
141357
147302
153321
159399
165520
171668
177826
183977
190102
196182
202200
202200

0
0.00354487
0.0162188
0.0403452
0.0775132
0.128788
0.194867
0.276198
0.373066
0.485661
0.61413
0.758611
0.919268
1.0963
1.28998
1.50064
1.72869
1.97465
2.23911
2.52277
2.82645
3.15105
3.49761
3.86726
4.26129
4.68108
5.12817
5.60421
6.11101
6.65054
7.22491
7.83639
8.48745
9.18071
9.919
10.7053
11.543
12.4354
13.3862
14.3994
15.4792
16.63
17.8567
19.1642
20.558
22.0438
23.6277
25.316
27.1156
29.0338
31.0781
33.2567
35.5781
38.0513
40.6858
43.4915
46.479
49.6593
53.0441
56.6454
60.4758
64.5488
68.8779
73.4777
78.363
83.5492
89.0522
94.8885
101.075
107.629
114.567
121.909
129.672
137.873
146.533
155.668
165.297
175.437
186.106
197.32
209.096
221.447
234.389
247.932
262.088
276.866
292.273
308.313
324.99
342.303
360.248
378.82
398.009
417.804
438.187
459.14
480.64
502.659
525.167
548.131
571.513
595.271
619.362
619.362

0
6.82305e-05
0.000581435
0.00206413
0.00507102
0.0101472
0.0178043
0.0285087
0.0426764
0.0606737
0.0828205
0.109397
0.140648
0.176793
0.218032
0.26455
0.316527
0.37414
0.437575
0.507022
0.582688
0.664797
0.753595
0.849353
0.952368
1.06297
1.18152
1.30842
1.44411
1.58905
1.74379
1.90887
2.08493
2.27263
2.47269
2.68589
2.91307
3.15514
3.41306
3.68788
3.98072
4.29276
4.62528
4.97966
5.35733
5.75985
6.18887
6.64615
7.13355
7.65307
8.20682
8.79702
9.42606
10.0964
10.8108
11.572
12.383
13.2469
14.167
15.1469
16.1901
17.3005
18.4821
19.7392
21.0762
22.4976
24.0084
25.6134
27.318
29.1274
31.0472
33.0832
35.2412
37.5272
39.9475
42.5083
45.2159
48.0767
51.0973
54.2839
57.6429
61.1808
64.9035
68.817
72.9272
77.2393
81.7584
86.4892
91.4357
96.6016
101.99
107.602
113.441
119.506
125.797
132.313
139.052
146.011
153.184
160.566
168.151
175.93
183.894
183.894

0
7.46394
19.5264
36.0887
57.1275
82.67
112.787
147.587
187.213
231.838
281.666
336.93
397.89
464.834
538.08
617.973
704.892
799.244
901.472
1012.05
1131.5
1260.37
1399.25
1548.78
1709.65
1882.59
2068.39
2267.88
2481.98
2711.64
2957.89
3221.85
3504.67
3807.63
4132.06
4479.39
4851.16
5248.98
5674.61
6129.89
6616.78
7137.39
7693.94
8288.82
8924.54
9603.78
10329.4
11104.4
11932
12815.6
13758.8
14765.3
15839.3
16985
18206.8
19509.5
20898.1
22377.8
23954.2
25633
27420.3
29322.5
31346.2
33498.4
35786.2
38217.3
40799.4
43540.6
46449.2
49533.8
52803.4
56266.9
59933.6
63813
67914.6
72248.2
76823.5
81650.3
86738.3
92097.3
97736.7
103666
109894
116430
123281
130457
137964
145808
153997
162535
171427
180676
190284
200254
210586
221280
232333
243743
255506
267616
280069
292855
305966
305966

0
6.25942e-07
1.16291e-05
6.20777e-05
0.000203558
0.000510529
0.00107939
0.0020268
0.00348771
0.00561323
0.00856868
0.0125318
0.0176911
0.0242447
0.0323995
0.0423702
0.0543791
0.0686558
0.0854375
0.104969
0.127504
0.153303
0.18264
0.215796
0.253065
0.294755
0.341186
0.392697
0.449642
0.512394
0.581348
0.656919
0.73955
0.829708
0.92789
1.03462
1.15047
1.27602
1.41193
1.55885
1.71752
1.88871
2.07324
2.27198
2.48587
2.7159
2.96314
3.22871
3.51384
3.8198
4.14797
4.49981
4.87688
5.28084
5.71346
6.1766
6.67229
7.20262
7.76988
8.37645
9.02489
9.71789
10.4583
11.2492
12.0938
12.9954
13.9578
14.9846
16.0799
17.2479
18.4931
19.8202
21.234
22.7398
24.343
26.0493
27.8647
29.7952
31.8475
34.0283
36.3445
38.8035
41.4127
44.18
47.1134
50.221
53.5115
56.9934
60.6756
64.5671
68.6771
73.0148
77.5895
82.4106
87.4874
92.8294
98.4458
104.346
110.538
117.032
123.836
130.957
138.405
138.405

