201.065
200.932
200.793
200.651
200.505
200.355
200.201
200.042
199.88
199.712
199.541
199.364
199.183
198.997
198.806
198.61
198.408
198.201
197.989
197.77
197.546
197.316
197.08
196.838
196.589
196.333
196.071
195.802
195.526
195.243
194.952
194.654
194.349
194.035
193.713
193.384
193.046
192.699
192.344
191.979
191.606
191.223
190.831
190.43
190.018
189.597
189.165
188.723
188.271
187.807
187.333
186.848
186.351
185.843
185.323
184.792
184.248
183.692
183.124
182.543
181.949
181.342
180.723
180.09
179.443
178.783
178.109
177.422
176.72
176.005
175.275
174.53
173.772
172.998
172.21
171.407
170.59
169.757
168.909
168.047
167.169
166.277
165.369
164.446
163.508
162.555
161.588
160.605
159.607
158.595
157.568
156.526
155.47
154.4
153.316
152.218
151.106
149.98
148.842
147.69
146.526
145.349
144.16
142.959
1
1.0292
1.06065
1.09256
1.12502
1.15808
1.1918
1.22623
1.2614
1.29736
1.33414
1.37177
1.4103
1.44974
1.49014
1.5315
1.57388
1.61728
1.66174
1.70728
1.75393
1.80171
1.85065
1.90078
1.95211
2.00468
2.05851
2.11361
2.17002
2.22777
2.28686
2.34734
2.40921
2.47251
2.53725
2.60347
2.67118
2.7404
2.81115
2.88346
2.95735
3.03283
3.10993
3.18866
3.26904
3.35108
3.43481
3.52024
3.60737
3.69623
3.78682
3.87915
3.97324
4.06908
4.16668
4.26606
4.3672
4.4701
4.57477
4.68121
4.78939
4.89932
5.01098
5.12437
5.23945
5.35622
5.47465
5.59471
5.71638
5.83962
5.96441
6.09069
6.21844
6.3476
6.47813
6.60997
6.74307
6.87737
7.01279
7.14929
7.28677
7.42517
7.56441
7.7044
7.84504
7.98626
8.12795
8.27001
8.41234
8.55482
8.69735
8.83981
8.98207
9.12402
9.26552
9.40645
9.54667
9.68604
9.82443
9.96169
10.0977
10.2322
10.3653
10.4965
1.00005
1.01195
1.02576
1.04146
1.05894
1.0781
1.09885
1.12112
1.14486
1.17
1.1965
1.22433
1.25346
1.28385
1.3155
1.34838
1.38248
1.41781
1.45434
1.49209
1.53104
1.57122
1.61261
1.65524
1.69911
1.74422
1.7906
1.83826
1.8872
1.93746
1.98904
2.04196
2.09624
2.15191
2.20897
2.26746
2.32739
2.38877
2.45165
2.51603
2.58193
2.64938
2.71841
2.78902
2.86125
2.93512
3.01064
3.08783
3.16672
3.24733
3.32967
3.41377
3.49964
3.58729
3.67675
3.76803
3.86114
3.9561
4.05292
4.1516
4.25215
4.35459
4.45892
4.56514
4.67326
4.78327
4.89517
5.00896
5.12463
5.24217
5.36158
5.48283
5.60591
5.73081
5.85749
5.98594
6.11612
6.24801
6.38156
6.51675
6.65352
6.79183
6.93164
7.07289
7.21552
7.35947
7.50468
7.65108
7.7986
7.94715
8.09666
8.24705
8.39821
8.55007
8.70252
8.85546
9.00878
9.16238
9.31613
9.46993
9.62365
9.77717
9.93035
10.0831
0
0.0880346
0.170197
0.247121
0.319385
0.387509
0.451965
0.513183
0.571548
0.627414
0.6811
0.732897
0.78307
0.83186
0.879488
0.926154
0.972042
1.01732
1.06215
1.10666
1.15099
1.19526
1.23958
1.28406
1.32879
1.37385
1.41934
1.46532
1.51188
1.55908
1.60699
1.65566
1.70515
1.75552
1.80682
1.8591
1.9124
1.96678
2.02228
2.07893
2.13678
2.19586
2.25623
2.3179
2.38093
2.44534
2.51116
2.57844
2.6472
2.71747
2.78929
2.86269
2.93769
3.01432
3.09261
3.17258
3.25427
3.3377
3.42289
3.50986
3.59863
3.68924
3.78169
3.876
3.9722
4.0703
4.17031
4.27225
4.37613
4.48195
4.58974
4.69948
4.8112
4.92489
5.04055
5.15818
5.27778
5.39934
5.52286
5.64832
5.7757
5.905
6.03619
6.16926
6.30417
6.44089
6.57941
6.71967
6.86165
7.00529
7.15057
7.29741
7.44579
7.59562
7.74687
7.89946
8.05331
8.20837
8.36456
8.52179
8.67997
8.83903
8.99887
9.15938
0
0.00275755
0.0105734
0.0228219
0.0389497
0.0584684
0.0809475
0.106009
0.133319
0.162589
0.193564
0.226023
0.259775
0.294655
0.330521
0.367253
0.404749
0.442923
0.481704
0.521035
0.56087
0.601172
0.641916
0.683083
0.724661
0.766645
0.809036
0.851838
0.895063
0.938723
0.982834
1.02742
1.07249
1.11809
1.16423
1.21094
1.25825
1.30619
1.3548
1.4041
1.45413
1.50492
1.55651
1.60893
1.66222
1.7164
1.77152
1.82761
1.88471
1.94284
2.00206
2.06238
2.12385
2.1865
2.25037
2.31548
2.38188
2.44959
2.51865
2.5891
2.66095
2.73425
2.80903
2.88531
2.96314
3.04252
3.1235
3.20611
3.29036
3.37629
3.46392
3.55327
3.64437
3.73725
3.83191
3.92838
4.02669
4.12684
4.22886
4.33275
4.43853
4.54621
4.6558
4.76731
4.88075
4.99611
5.1134
5.23262
5.35377
5.47684
5.60182
5.7287
5.85748
5.98813
6.12064
6.25499
6.39116
6.52911
6.66882
6.81026
6.95338
7.09816
7.24454
7.39249
0
4.9167e-05
0.000360253
0.00111147
0.00241188
0.00432024
0.00685928
0.0100265
0.0138022
0.0181556
0.0230491
0.0284419
0.0342916
0.0405569
0.0471976
0.0541762
0.0614579
0.0690112
0.0768074
0.0848213
0.0930305
0.101416
0.109961
0.118651
0.127475
0.136424
0.145489
0.154667
0.163951
0.17334
0.182834
0.192431
0.202132
0.211941
0.221859
0.23189
0.242038
0.252308
0.262706
0.273236
0.283905
0.29472
0.305687
0.316812
0.328103
0.339568
0.351213
0.363046
0.375074
0.387306
0.399749
0.41241
0.425298
0.438421
0.451785
0.465399
0.47927
0.493406
0.507815
0.522505
0.537482
0.552755
0.56833
0.584214
0.600416
0.616942
0.633799
0.650993
0.668531
0.686421
0.704667
0.723276
0.742255
0.761609
0.781343
0.801463
0.821975
0.842882
0.864189
0.885902
0.908023
0.930557
0.953506
0.976875
1.00067
1.02488
1.04952
1.07459
1.10009
1.12602
1.15237
1.17916
1.20637
1.23402
1.26208
1.29058
1.31949
1.34882
1.37856
1.40871
1.43926
1.4702
1.50154
1.53326
0
0.00131193
0.00431241
0.00889977
0.0149834
0.0224826
0.031326
0.0414502
0.0527994
0.0653246
0.0789831
0.0937375
0.109556
0.126411
0.144281
0.163144
0.182988
0.203798
0.225567
0.248288
0.271958
0.296575
0.322141
0.348658
0.376132
0.40457
0.43398
0.464373
0.495761
0.528156
0.561572
0.596027
0.631536
0.668118
0.705791
0.744577
0.784496
0.825571
0.867824
0.911279
0.955963
1.0019
1.04912
1.09764
1.1475
1.19872
1.25134
1.30538
1.36087
1.41786
1.47636
1.53641
1.59806
1.66132
1.72623
1.79284
1.86118
1.93128
2.00317
2.07691
2.15253
2.23006
2.30954
2.39102
2.47453
2.56012
2.64782
2.73768
2.82973
2.92402
3.0206
3.11949
3.22075
3.32442
3.43053
3.53914
3.65028
3.76399
3.88032
3.99931
4.121
4.24543
4.37265
4.50269
4.63559
4.77139
4.91013
5.05186
5.1966
5.34439
5.49528
5.64928
5.80645
5.9668
6.13038
6.29721
6.46732
6.64073
6.81748
6.99758
7.18106
7.36794
7.55824
7.75197
0
1.34074e-06
1.03969e-05
3.4013e-05
7.81831e-05
0.00014815
0.000248493
0.00038321
0.000555783
0.000769248
0.00102625
0.00132908
0.00167974
0.00207999
0.00253134
0.00303513
0.00359254
0.0042046
0.00487224
0.00559629
0.00637752
0.00721662
0.00811425
0.00907104
0.0100876
0.0111645
0.0123023
0.0135016
0.0147631
0.0160873
0.0174749
0.0189265
0.0204429
0.0220247
0.0236728
0.0253879
0.027171
0.0290228
0.0309443
0.0329365
0.0350005
0.0371373
0.039348
0.0416338
0.0439959
0.0464356
0.0489543
0.0515533
0.054234
0.0569979
0.0598465
0.0627815
0.0658044
0.068917
0.0721209
0.0754179
0.0788099
0.0822988
0.0858864
0.0895748
0.0933659
0.0972618
0.101265
0.105377
0.1096
0.113937
0.118389
0.12296
0.127651
0.132465
0.137405
0.142472
0.147669
0.153
0.158465
0.164069
0.169814
0.175702
0.181735
0.187918
0.194252
0.20074
0.207385
0.214189
0.221156
0.228289
0.235589
0.24306
0.250705
0.258526
0.266526
0.274708
0.283075
0.291629
0.300373
0.309309
0.318442
0.327772
0.337302
0.347036
0.356975
0.367122
0.377479
0.388049
0
3.4407e-08
4.77666e-07
2.23555e-06
6.57289e-06
1.49634e-05
2.89815e-05
5.02249e-05
8.02621e-05
0.000120596
0.000172644
0.00023772
0.000317036
0.000411696
0.000522701
0.000650952
0.000797261
0.000962355
0.00114688
0.00135143
0.00157652
0.00182261
0.00209014
0.00237949
0.00269101
0.00302502
0.00338185
0.00376176
0.00416504
0.00459197
0.00504279
0.00551778
0.00601719
0.0065413
0.00709038
0.00766471
0.00826459
0.0088903
0.00954218
0.0102205
0.0109257
0.0116581
0.0124181
0.013206
0.0140223
0.0148674
0.0157418
0.0166459
0.0175801
0.0185451
0.0195413
0.0205693
0.0216296
0.0227229
0.0238496
0.0250106
0.0262063
0.0274374
0.0287047
0.0300088
0.0313505
0.0327305
0.0341495
0.0356083
0.0371077
0.0386486
0.0402317
0.0418579
0.0435281
0.0452431
0.0470039
0.0488113
0.0506663
0.0525698
0.0545228
0.0565262
0.0585811
0.0606884
0.0628491
0.0650643
0.067335
0.0696622
0.0720469
0.0744903
0.0769934
0.0795572
0.0821829
0.0848715
0.0876242
0.0904419
0.0933258
0.0962769
0.0992965
0.102385
0.105545
0.108776
0.11208
0.115457
0.118909
0.122437
0.126042
0.129725
0.133487
0.137328
