1.312e+06
1.312e+06
1.312e+06
1.312e+06
1.31199e+06
1.31199e+06
1.31199e+06
1.31199e+06
1.31198e+06
1.31198e+06
1.31198e+06
1.31198e+06
1.31197e+06
1.31197e+06
1.31196e+06
1.31196e+06
1.31195e+06
1.31195e+06
1.31194e+06
1.31194e+06
1.31193e+06
1.31193e+06
1.31192e+06
1.31191e+06
1.3119e+06
1.31189e+06
1.31188e+06
1.31187e+06
1.31186e+06
1.31185e+06
1.31184e+06
1.31183e+06
1.31181e+06
1.3118e+06
1.31178e+06
1.31176e+06
1.31174e+06
1.31172e+06
1.3117e+06
1.31168e+06
1.31165e+06
1.31163e+06
1.3116e+06
1.31157e+06
1.31154e+06
1.3115e+06
1.31146e+06
1.31142e+06
1.31138e+06
1.31133e+06
1.31128e+06
1.31123e+06
1.31117e+06
1.31111e+06
1.31105e+06
1.31098e+06
1.3109e+06
1.31082e+06
1.31073e+06
1.31064e+06
1.31054e+06
1.31044e+06
1.31032e+06
1.3102e+06
1.31007e+06
1.30993e+06
1.30978e+06
1.30961e+06
1.30944e+06
1.30926e+06
1.30906e+06
1.30884e+06
1.30862e+06
1.30837e+06
1.30811e+06
1.30783e+06
1.30753e+06
1.3072e+06
1.30686e+06
1.30649e+06
1.30609e+06
1.30567e+06
1.30521e+06
1.30473e+06
1.3042e+06
1.30365e+06
1.30305e+06
1.30241e+06
1.30172e+06
1.30098e+06
1.3002e+06
1.29936e+06
1.29845e+06
1.29749e+06
1.29646e+06
1.29535e+06
1.29417e+06
1.29291e+06
1.29156e+06
1.29011e+06
1.28857e+06
1.28692e+06
1.28515e+06
1.28515e+06

10
6.56912
5.17501
4.50672
4.25863
4.24918
4.3799
4.5974
4.8731
5.19208
5.54698
5.93462
6.35419
6.80625
7.29219
7.8139
8.37367
8.97406
9.61792
10.3083
11.0485
11.8422
12.6931
13.6053
14.5833
15.6317
16.7557
17.9607
19.2525
20.6372
22.1217
23.7131
25.419
27.2478
29.2081
31.3096
33.5622
35.9769
38.5654
41.3401
44.3143
47.5025
50.92
54.5832
58.5098
62.7187
67.2302
72.0659
77.2491
82.8047
88.7595
95.142
101.983
109.315
117.173
125.596
134.623
144.297
154.665
165.777
177.685
190.447
204.122
218.777
234.48
251.307
269.338
288.657
309.356
331.533
355.292
380.746
408.013
437.222
468.508
502.019
537.91
576.347
617.508
661.583
708.774
759.297
813.383
871.276
933.239
999.549
1070.5
1146.42
1227.63
1314.48
1407.37
1506.69
1612.86
1726.34
1847.6
1977.15
2115.51
2263.26
2420.98
2589.3
2768.86
2960.36
3164.5
3164.5

5
8.61467
10.8057
12.3569
13.5843
14.6665
15.7036
16.7526
17.847
19.0079
20.2494
21.5824
23.0159
24.5583
26.2179
28.0031
29.9229
31.9867
34.2046
36.5873
39.1464
41.8944
44.8445
48.0111
51.4094
55.0559
58.9682
63.1653
67.6675
72.4965
77.6756
83.23
89.1863
95.5735
102.422
109.766
117.64
126.082
135.133
144.837
155.24
166.393
178.35
191.167
204.908
219.638
235.428
252.355
270.5
289.95
310.799
333.147
357.102
382.78
410.303
439.804
471.425
505.317
541.643
580.578
622.308
667.034
714.968
766.342
821.399
880.404
943.638
1011.4
1084.02
1161.84
1245.22
1334.57
1430.31
1532.89
1642.8
1760.55
1886.71
2021.85
2166.63
2321.7
2487.81
2665.73
2856.27
3060.32
3278.83
3512.81
3763.32
4031.5
4318.59
4625.88
4954.76
5306.69
5683.26
6086.13
6517.07
6977.97
7470.84
7997.8
8561.09
9163.1
9806.35
10493.5
11227.4
11227.4

0
0.496078
1.16945
1.94354
2.78107
3.66342
4.58229
5.53515
6.52267
7.5474
8.61298
9.72376
10.8846
12.1008
13.3779
14.722
16.1393
17.6366
19.221
20.9001
22.6818
24.5746
26.5876
28.7305
31.0135
33.4477
36.0446
38.8168
41.7775
44.9412
48.3229
51.939
55.807
59.9454
64.3741
69.1147
74.1898
79.6241
85.4437
91.6767
98.3532
105.505
113.168
121.377
130.174
139.599
149.699
160.523
172.122
184.553
197.875
212.153
227.455
243.856
261.434
280.274
300.467
322.11
345.307
370.169
396.817
425.378
455.99
488.8
523.965
561.654
602.048
645.341
691.739
741.466
794.759
851.872
913.079
978.672
1048.96
1124.29
1205.01
1291.5
1384.18
1483.48
1589.88
1703.88
1826.01
1956.85
2097.03
2247.18
2408.02
2580.31
2764.83
2962.45
3174.08
3400.71
3643.36
3903.17
4181.31
4479.05
4797.73
5138.8
5503.78
5894.31
6312.1
6759.01
7236.99
7236.99

0
0.00228169
0.0103922
0.0254067
0.0478139
0.0778123
0.115463
0.160775
0.213749
0.2744
0.342778
0.418967
0.503097
0.59534
0.695915
0.805091
0.923185
1.05056
1.18765
1.33492
1.4929
1.66218
1.84342
2.03733
2.24469
2.46636
2.70327
2.95643
3.22693
3.51595
3.82476
4.15475
4.5074
4.88431
5.28719
5.71789
6.1784
6.67086
7.19755
7.76095
8.36368
9.0086
9.69873
10.4373
11.2279
12.0743
12.9804
13.9506
14.9894
16.102
17.2935
18.5698
19.9368
21.4012
22.9699
24.6506
26.4512
28.3804
30.4475
32.6624
35.0358
37.579
40.3043
43.2247
46.3544
49.7082
53.3025
57.1543
61.2823
65.7062
70.4472
75.5281
80.9733
86.8088
93.0627
99.7648
106.947
114.644
122.893
131.732
141.205
151.355
162.232
173.888
186.377
199.758
214.096
229.458
245.917
263.55
282.441
302.677
324.355
347.574
372.445
399.083
427.61
458.161
490.874
525.902
563.404
603.552
646.529
646.529

0
1.899e-05
0.000158215
0.000550813
0.00132321
0.00258643
0.00443405
0.00694326
0.0101771
0.0141875
0.0190173
0.0247035
0.0312787
0.0387733
0.0472167
0.056639
0.0670718
0.078549
0.091108
0.10479
0.119641
0.135712
0.153059
0.171745
0.19184
0.213419
0.236567
0.261375
0.287943
0.316382
0.346808
0.379353
0.414155
0.451365
0.491149
0.53368
0.579152
0.627767
0.679748
0.735332
0.794774
0.858349
0.926353
0.999101
1.07694
1.16022
1.24935
1.34474
1.44685
1.55616
1.67318
1.79848
1.93266
2.07634
2.23023
2.39505
2.57159
2.7607
2.96328
3.18031
3.41283
3.66195
3.92887
4.21487
4.52133
4.84971
5.20159
5.57867
5.98275
6.41577
6.87982
7.37713
7.91007
8.48121
9.09328
9.74922
10.4522
11.2055
12.0129
12.878
13.8052
14.7988
15.8636
17.0046
18.2273
19.5375
20.9415
22.4458
24.0577
25.7849
27.6354
29.618
31.7421
34.0176
36.4554
39.0667
41.8639
44.8601
48.0691
51.5059
55.1864
59.1276
63.3477
63.3477

0
0.0335594
0.0977888
0.193761
0.322607
0.485436
0.683422
0.917848
1.19013
1.50186
1.85476
2.25079
2.69206
3.18091
3.71989
4.31179
4.95965
5.66676
6.43669
7.27332
8.18084
9.16376
10.227
11.3757
12.6157
13.953
15.3941
16.9463
18.6169
20.4143
22.3472
24.4251
26.6579
29.0567
31.6331
34.3995
37.3695
40.5574
43.9788
47.6501
51.5892
55.8153
60.3486
65.2113
70.4267
76.0203
82.019
88.4518
95.3499
102.747
110.678
119.181
128.299
138.074
148.554
159.79
171.836
184.749
198.593
213.435
229.344
246.4
264.682
284.281
305.29
327.81
351.95
377.826
405.563
435.294
467.162
501.32
537.932
577.175
619.236
664.317
712.635
764.42
819.922
879.405
943.154
1011.47
1084.69
1163.15
1247.23
1337.33
1433.88
1537.34
1648.19
1766.96
1894.22
2030.56
2176.62
2333.1
2500.72
2680.28
2872.61
3078.6
3299.22
3535.48
3788.49
4059.39
4349.44
4349.44

0
1.00147e-07
1.88712e-06
9.9332e-06
3.20284e-05
7.88864e-05
0.000163732
0.00030188
0.000510363
0.000807615
0.00121323
0.00174778
0.00243267
0.0032901
0.00434298
0.00561496
0.00713044
0.00891462
0.0109936
0.0133944
0.016145
0.0192749
0.0228147
0.0267963
0.0312535
0.0362218
0.0417385
0.0478434
0.0545782
0.0619876
0.0701189
0.0790223
0.0887517
0.099364
0.110921
0.123486
0.137132
0.15193
0.167963
0.185314
0.204076
0.224346
0.24623
0.26984
0.295296
0.322728
0.352275
0.384083
0.418314
0.455137
0.494736
0.537306
0.583057
0.632216
0.685024
0.74174
0.802642
0.868027
0.938215
1.01355
1.0944
1.18115
1.27423
1.37409
1.48121
1.59612
1.71937
1.85156
1.99333
2.14537
2.3084
2.48322
2.67068
2.87167
3.08717
3.31822
3.56594
3.83151
4.11622
4.42144
4.74863
5.09938
5.47537
5.87841
6.31043
6.77351
7.26988
7.8019
8.37214
8.98333
9.63838
10.3404
11.0928
11.8992
12.7634
13.6894
14.6818
15.7453
16.8848
18.1058
19.4141
20.8159
22.3177
22.3177

