538223
538209
538150
538076
537990
537893
537786
537669
537542
537406
537259
537100
536930
536747
536550
536339
536112
535868
535606
535324
535022
534697
534348
533974
533572
533141
532678
532181
531648
531075
530462
529804
529098
528341
527530
526661
525730
524733
523665
522522
521299
519990
518592
517096
515499
513793
511972
510030
507959
505753
503403
500902
498244
495419
492420
489238
485867
482298
478524
474537
470329
465896
461229
456325
451178
445784
440142
434248
428104
421709
415067
408182
401059
393706
386133
378350
370371
362210
353885
345412
336813
328106
319316
310463
301573
292668
283773
274912
266108
257384
248762
240262
231904
223705
215682
207849
200219
192802
185608
178643
171912
165420
159168
159168

677.104
474.383
374.295
318.066
289.866
279.442
280.511
289.235
303.284
321.263
342.36
366.121
392.323
420.883
451.813
485.185
521.115
559.749
601.257
645.83
693.678
745.025
800.115
859.208
922.582
990.53
1063.37
1141.43
1225.06
1314.65
1410.58
1513.27
1623.16
1740.71
1866.42
2000.78
2144.34
2297.64
2461.27
2635.82
2821.92
3020.2
3231.31
3455.92
3694.71
3948.35
4217.53
4502.92
4805.19
5124.97
5462.87
5819.47
6195.27
6590.74
7006.22
7442.02
7898.27
8375.01
8872.11
9389.3
9926.07
10481.7
11055.4
11645.8
12251.5
12870.8
13501.7
14141.8
14788.4
15438.6
16089
16736.1
17376.1
18004.8
18618
19211.2
19779.8
20319.3
20825.1
21292.8
21718
22096.9
22425.7
22701.2
22920.8
23082.1
23183.6
23224.4
23204.2
23123.3
22982.8
22784.4
22530.3
22223.4
21866.9
21464.6
21020.5
20539.1
20024.7
19481.9
18915.4
18329.8
17729.3
17729.3

95.1844
299.879
437.765
540.068
621.677
691.988
756.9
820.169
884.232
950.726
1020.8
1095.31
1174.95
1260.32
1351.97
1450.45
1556.29
1670.07
1792.38
1923.83
2065.11
2216.91
2380
2555.18
2743.32
2945.34
3162.21
3394.99
3644.8
3912.81
4200.31
4508.63
4839.21
5193.57
5573.3
5980.12
6415.84
6882.35
7381.66
7915.9
8487.27
9098.12
9750.9
10448.1
11192.5
11986.8
12833.8
13736.5
14698
15721.3
16809.7
17966.3
19194.4
20497.2
21878
23339.8
24885.7
26518.7
28241.6
30056.7
31966.4
33972.5
36076.6
38279.6
40582.1
42983.8
45484
48081
50772.5
53555
56424.3
59374.9
62400.5
65493.6
68645.4
71846.1
75084.8
78349.5
81627.1
84903.7
88164.3
91393.4
94575
97692.6
100730
103669
106495
109191
111741
114132
116350
118383
120220
121852
123270
124470
125448
126200
126726
127028
127108
126971
126622
126622

0
7.93561
21.9895
40.002
60.7433
83.4956
107.861
133.64
160.759
189.226
219.1
250.476
283.474
318.234
354.912
393.679
434.718
478.227
524.417
573.514
625.757
681.406
740.733
804.03
871.612
943.809
1020.98
1103.5
1191.78
1286.24
1387.36
1495.61
1611.53
1735.67
1868.63
2011.03
2163.56
2326.92
2501.88
2689.25
2889.88
3104.68
3334.6
3580.67
3843.96
4125.59
4426.76
4748.72
5092.78
5460.33
5852.78
6271.66
6718.5
7194.94
7702.64
8243.33
8818.77
9430.77
10081.2
10771.8
11504.7
12281.5
13104.2
13974.5
14894.4
15865.4
16889.2
17967.4
19101.1
20291.7
21540.2
22847.2
24213.3
25638.7
27123.2
28666.5
30267.7
31925.5
33638.2
35403.7
37219.4
39082.3
40988.8
42934.8
44915.9
46927.1
48963.1
51018
53085.9
55160.2
57234.2
59301.1
61353.7
63385.1
65387.9
67355.1
69279.8
71155.1
72974.4
74731.5
76420.4
78035.6
79571.9
79571.9

0
0.00084945
0.00449506
0.0119868
0.0238862
0.0404749
0.0618775
0.0881365
0.119258
0.155242
0.196094
0.241843
0.29254
0.348268
0.40914
0.475304
0.546942
0.62427
0.707543
0.797052
0.893127
0.996138
1.1065
1.22466
1.35112
1.48643
1.63118
1.78602
1.95165
2.12882
2.31836
2.52114
2.73811
2.9703
3.21878
3.48474
3.76943
4.07419
4.40046
4.74978
5.12377
5.52419
5.95289
6.41186
6.90321
7.42916
7.9921
8.59454
9.23915
9.92875
10.6663
11.455
12.2981
13.1991
14.1617
15.1897
16.287
17.4579
18.7067
20.038
21.4563
22.9665
24.5736
26.2826
28.0987
30.0272
32.0733
34.2424
36.5397
38.9707
41.5404
44.2539
47.116
50.1314
53.3042
56.6384
60.1376
63.8045
67.6417
71.6509
75.833
80.1883
84.7162
89.4151
94.2825
99.3149
104.508
109.855
115.35
120.986
126.752
132.639
138.636
144.73
150.909
157.157
163.462
169.806
176.174
182.549
188.915
195.253
201.546
201.546

0
1.08251e-05
0.000102202
0.000389877
0.000999971
0.0020532
0.00365772
0.00590683
0.00887926
0.0126408
0.0172465
0.022743
0.0291707
0.036566
0.044963
0.0543952
0.0648968
0.0765041
0.0892562
0.103196
0.118372
0.134838
0.152651
0.17188
0.192597
0.214883
0.238828
0.26453
0.292097
0.321647
0.353308
0.38722
0.423535
0.462415
0.504039
0.548596
0.596293
0.647352
0.702009
0.760519
0.823157
0.890215
0.962007
1.03887
1.12115
1.20924
1.30354
1.40449
1.51254
1.62819
1.75195
1.88437
2.02603
2.17755
2.33958
2.5128
2.69794
2.89574
3.10702
3.3326
3.57335
3.83018
4.10403
4.39588
4.70674
5.03767
5.38973
5.76402
6.16166
6.58379
7.03156
7.50613
8.00863
8.54023
9.10203
9.69513
10.3206
10.9794
11.6725
12.4008
13.165
13.9658
14.8038
15.6793
16.5926
17.544
18.5332
19.56
20.6241
21.7247
22.861
24.0318
25.236
26.4719
27.7377
29.0315
30.3511
31.6939
33.0575
34.4389
35.8351
37.2431
38.6595
38.6595

0
3.70809
10.8226
20.702
33.0115
47.5818
64.3503
83.3239
104.557
128.136
154.175
182.808
214.185
248.475
285.864
326.552
370.758
418.719
470.69
526.947
587.787
653.531
724.521
801.129
883.752
972.818
1068.79
1172.15
1283.44
1403.21
1532.09
1670.71
1819.79
1980.05
2152.32
2337.43
2536.3
2749.91
2979.31
3225.59
3489.96
3773.68
4078.09
4404.63
4754.82
5130.28
5532.74
5964.01
6426.02
6920.83
7450.6
8017.59
8624.22
9273.01
9966.62
10707.8
11499.6
12344.9
13246.9
14209
15234.6
16327.2
17490.5
18728.1
20044.1
21442.3
22926.7
24501.3
26170.2
27937.5
29807.2
31783.4
33869.9
36070.7
38389.3
40829.4
43394.2
46086.8
48909.9
51866.1
54957.4
58185.6
61551.9
65057.3
68702
72486
76408.7
80468.9
84664.8
88994.4
93454.7
98042.7
102754
107586
112532
117587
122747
128005
133355
138790
144304
149891
155541
155541

0
3.47059e-08
9.48189e-07
5.51467e-06
1.90111e-05
4.92463e-05
0.000106367
0.000202573
0.000351811
0.0005695
0.000872282
0.00127783
0.0018047
0.00247223
0.00330048
0.00431016
0.00552272
0.00696028
0.00864575
0.0106029
0.0128563
0.0154318
0.0183561
0.0216574
0.0253652
0.0295106
0.0341265
0.0392476
0.0449108
0.0511553
0.0580227
0.0655574
0.0738067
0.0828212
0.0926549
0.103366
0.115015
0.12767
0.1414
0.156282
0.172396
0.189831
0.208678
0.229038
0.251018
0.274731
0.300301
0.327857
0.35754
0.3895
0.423895
0.460898
0.50069
0.543465
0.589432
0.638809
0.691834
0.748756
0.809841
0.875372
0.945648
1.02099
1.10173
1.18823
1.28086
1.38002
1.48614
1.59964
1.72101
1.85072
1.98928
2.13722
2.29512
2.46353
2.64308
2.83438
3.03809
3.25487
3.48541
3.73041
3.99061
4.26674
4.55956
4.86981
5.19828
5.54572
5.91293
6.30065
6.70967
7.14072
7.59454
8.07186
8.57335
9.09969
9.6515
10.2294
10.8338
11.4654
12.1246
12.8117
13.527
14.2709
15.0436
15.0436

