13203.1
13198.1
13191.8
13184.8
13177.1
13168.9
13160
13150.5
13140.4
13129.8
13118.6
13106.9
13094.6
13081.7
13068.2
13054.2
13039.5
13024.2
13008.2
12991.6
12974.3
12956.3
12937.5
12918
12897.8
12876.7
12854.7
12832
12808.3
12783.7
12758.1
12731.5
12704
12675.3
12645.6
12614.7
12582.7
12549.5
12515
12479.2
12442.1
12403.6
12363.8
12322.5
12279.7
12235.3
12189.4
12141.8
12092.6
12041.7
11988.9
11934.4
11878.1
11819.8
11759.6
11697.5
11633.3
11567
11498.6
11428.1
11355.4
11280.4
11203.2
11123.7
11041.9
10957.6
10871.1
10782
10690.6
10596.7
10500.4
10401.5
10300.2
10196.4
10090.1
9981.27
9870.02
9756.3
9640.16
9521.61
9400.68
9277.42
9151.87
9024.08
8894.1
8762.01
8627.86
8491.74
8353.73
8213.91
8072.38
7929.24
7784.59
7638.55
7491.22
7342.75
7193.24
7042.82
6891.64
6739.84
6587.54
6434.89
6282.04
6129.13
95.1525
91.3079
88.9872
87.5533
86.8852
86.8799
87.4523
88.5316
90.0594
91.9879
94.2775
96.8965
99.8188
103.024
106.495
110.221
114.19
118.397
122.836
127.506
132.404
137.532
142.89
148.48
154.307
160.375
166.687
173.249
180.067
187.148
194.497
202.121
210.028
218.225
226.719
235.519
244.631
254.064
263.825
273.923
284.366
295.161
306.317
317.84
329.739
342.021
354.693
367.761
381.233
395.114
409.41
424.126
439.267
454.836
470.838
487.274
504.146
521.456
539.203
557.385
576.002
595.048
614.52
634.412
654.716
675.423
696.522
718.001
739.847
762.043
784.572
807.414
830.547
853.949
877.592
901.449
925.491
949.684
973.996
998.388
1022.82
1047.26
1071.66
1095.97
1120.14
1144.14
1167.91
1191.4
1214.56
1237.32
1259.65
1281.48
1302.76
1323.43
1343.43
1362.72
1381.24
1398.93
1415.73
1431.61
1446.51
1460.39
1473.19
1484.88
43.0401
49.9518
56.2819
62.1735
67.7219
73.008
78.1007
83.0585
87.9316
92.7631
97.5903
102.446
107.357
112.35
117.447
122.668
128.029
133.55
139.243
145.125
151.208
157.506
164.03
170.794
177.809
185.086
192.639
200.477
208.613
217.059
225.826
234.927
244.374
254.178
264.353
274.911
285.865
297.228
309.014
321.235
333.906
347.039
360.65
374.753
389.36
404.488
420.15
436.36
453.134
470.485
488.428
506.977
526.147
545.951
566.404
587.517
609.306
631.782
654.957
678.843
703.451
728.791
754.873
781.705
809.294
837.648
866.771
896.667
927.339
958.788
991.014
1024.01
1057.78
1092.32
1127.61
1163.64
1200.41
1237.9
1276.09
1314.95
1354.48
1394.64
1435.41
1476.74
1518.62
1561
1603.84
1647.1
1690.73
1734.69
1778.91
1823.36
1867.96
1912.66
1957.39
2002.09
2046.69
2091.11
2135.3
2179.16
2222.63
2265.63
2308.08
2349.9
6
7.77113
9.78262
12.0116
14.4402
17.0539
19.8417
22.795
25.9075
29.1748
32.5943
36.1645
39.8853
43.7578
47.7838
51.9659
56.3075
60.8128
65.4862
70.333
75.3588
80.5698
85.9723
91.5734
97.3805
103.401
109.644
116.116
122.828
129.787
137.005
144.49
152.253
160.304
168.655
177.317
186.301
195.619
205.285
215.311
225.71
236.495
247.681
259.283
271.314
283.791
296.728
310.142
324.048
338.464
353.407
368.894
384.943
401.573
418.8
436.645
455.126
474.264
494.076
514.584
535.807
557.766
580.481
603.973
628.261
653.368
679.312
706.116
733.799
762.382
791.884
822.325
853.726
886.104
919.478
953.866
989.286
1025.75
1063.28
1101.89
1141.59
1182.4
1224.31
1267.36
1311.54
1356.86
1403.33
1450.94
1499.71
1549.64
1600.71
1652.93
1706.29
1760.78
1816.4
1873.12
1930.93
1989.82
2049.75
2110.72
2172.69
2235.63
2299.52
2364.31
10
9.80422
9.63177
9.48422
9.36293
9.26905
9.20358
9.16742
9.16136
9.1861
9.24233
9.33067
9.45172
9.60608
9.79435
10.0171
10.275
10.5687
10.8987
11.2658
11.6708
12.1143
12.5972
13.1204
13.6846
14.2909
14.9402
15.6336
16.3722
17.1571
17.9896
18.871
19.8025
20.7855
21.8217
22.9124
24.0594
25.2643
26.5288
27.8548
29.2442
30.699
32.2213
33.8132
35.477
37.2149
39.0295
40.9231
42.8984
44.958
47.1048
49.3415
51.6712
54.0969
56.6218
59.249
61.982
64.8241
67.779
70.8502
74.0415
77.3567
80.7998
84.3746
88.0855
91.9365
95.9319
100.076
104.374
108.829
113.447
118.232
123.188
128.322
133.636
139.138
144.83
150.719
156.809
163.106
169.614
176.339
183.284
190.456
197.86
205.5
213.38
221.507
229.883
238.515
247.406
256.56
265.982
275.675
285.644
295.891
306.421
317.235
328.338
339.73
351.415
363.394
375.669
388.241
2
1.59003
1.26935
1.01847
0.822174
0.668576
0.548403
0.454414
0.380958
0.323623
0.278965
0.244299
0.217528
0.197016
0.181487
0.169948
0.161623
0.15591
0.152338
0.150544
0.150245
0.151222
0.153306
0.156369
0.160311
0.16506
0.170558
0.176767
0.183657
0.19121
0.199415
0.208265
0.217761
0.227906
0.238708
0.250174
0.262319
0.275156
0.2887
0.30297
0.317984
0.333763
0.350329
0.367705
0.385914
0.404983
0.424937
0.445806
0.467616
0.4904
0.514187
0.539011
0.564905
0.591904
0.620044
0.649362
0.679896
0.711687
0.744776
0.779203
0.815014
0.852253
0.890965
0.931198
0.973
1.01642
1.06151
1.10833
1.15691
1.20733
1.25964
1.31388
1.37012
1.42843
1.48885
1.55144
1.61628
1.68341
1.75292
1.82484
1.89926
1.97623
2.05582
2.13809
2.22311
2.31095
2.40165
2.4953
2.59195
2.69166
2.79449
2.90052
3.00978
3.12235
3.23828
3.35762
3.48042
3.60673
3.7366
3.87007
4.00718
4.14798
4.29249
4.44075
10
10.3798
10.7785
11.1956
11.6312
12.0855
12.5588
13.0517
13.5651
14.0997
14.6565
15.2368
15.8417
16.4725
17.1306
17.8175
18.5347
19.2839
20.0667
20.8849
21.7403
22.6349
23.5705
24.5493
25.5732
26.6446
27.7656
28.9386
30.1659
31.4501
32.7938
34.1995
35.67
37.2082
38.817
40.4993
42.2584
44.0974
46.0196
48.0286
50.1278
52.3209
54.6116
57.004
59.5019
62.1097
64.8314
67.6717
70.6349
73.7259
76.9494
80.3105
83.8142
87.4659
91.271
95.235
99.3638
103.663
108.139
112.798
117.647
122.691
127.938
133.394
139.067
144.963
151.091
157.457
164.07
170.937
178.066
185.465
193.144
201.109
209.369
217.935
226.813
236.013
245.545
255.416
265.638
276.218
287.166
298.492
310.204
322.314
334.829
347.76
361.116
374.907
389.141
403.829
418.98
434.602
450.706
467.299
484.391
501.99
520.105
538.745
557.916
577.627
597.886
618.7
10
10.231
10.4576
10.6804
10.9001
11.1173
11.3326
11.5467
11.7603
11.9741
12.1889
12.4053
12.6242
12.8463
13.0723
13.3032
13.5396
13.7825
14.0327
14.2909
14.5582
14.8354
15.1233
15.423
15.7353
16.0613
16.402
16.7582
17.1312
17.5219
17.9315
18.361
18.8117
19.2846
19.7811
20.3024
20.8498
21.4246
22.0282
22.6619
23.3273
24.0259
24.7591
25.5286
26.3361
27.1832
28.0717
29.0035
29.9803
31.0042
32.077
33.201
34.3782
35.6108
36.9011
38.2514
39.6642
41.142
42.6873
44.3029
45.9915
47.7559
49.599
51.524
53.5338
55.6318
57.8212
60.1055
62.4882
64.9729
67.5634
70.2634
73.0769
76.0081
79.061
82.24
85.5494
88.9938
92.5779
96.3063
100.184
104.216
108.407
112.763
117.288
121.989
126.871
131.939
137.2
142.659
148.322
154.196
160.286
166.599
173.141
179.918
186.938
194.207
201.731
209.517
217.572
225.903
234.516
243.42
0
0.0386476
0.0694323
0.094066
0.113887
0.129943
0.143053
0.153857
0.16286
0.170455
0.176952
0.182596
0.187579
0.192052
0.196138
0.199933
0.203514
0.206944
0.210275
0.213548
0.216799
0.220057
0.223349
0.226697
0.230121
0.233639
0.237267
0.241023
0.24492
0.248974
0.253197
0.257606
0.262213
0.267032
0.272078
0.277364
0.282906
0.288718
0.294816
0.301214
0.307929
0.314977
0.322375
0.33014
0.33829
0.346843
0.355817
0.365234
0.375112
0.385472
0.396336
0.407726
0.419664
0.432174
0.445281
0.459009
0.473384
0.488433
0.504184
0.520666
0.537906
0.555937
0.574789
0.594495
0.615089
0.636604
0.659076
0.682542
0.70704
0.732609
0.759289
0.787121
0.816148
0.846414
0.877963
0.910844
0.945102
0.980788
1.01795
1.05664
1.09692
1.13883
1.18244
1.2278
1.27496
1.324
1.37497
1.42793
1.48295
1.54009
1.59942
1.66102
1.72494
1.79126
1.86005
1.93139
2.00534
2.08199
2.16141
2.24368
2.32887
2.41707
2.50836
2.60282
