5.879e+06
5.879e+06
5.879e+06
5.87899e+06
5.87899e+06
5.87898e+06
5.87898e+06
5.87898e+06
5.87897e+06
5.87897e+06
5.87896e+06
5.87895e+06
5.87895e+06
5.87894e+06
5.87893e+06
5.87893e+06
5.87892e+06
5.87891e+06
5.8789e+06
5.87889e+06
5.87888e+06
5.87887e+06
5.87886e+06
5.87885e+06
5.87883e+06
5.87882e+06
5.87881e+06
5.87879e+06
5.87878e+06
5.87876e+06
5.87874e+06
5.87872e+06
5.8787e+06
5.87868e+06
5.87866e+06
5.87864e+06
5.87861e+06
5.87858e+06
5.87856e+06
5.87853e+06
5.87849e+06
5.87846e+06
5.87842e+06
5.87839e+06
5.87835e+06
5.8783e+06
5.87826e+06
5.87821e+06
5.87816e+06
5.87811e+06
5.87805e+06
5.87799e+06
5.87793e+06
5.87786e+06
5.87779e+06
5.87771e+06
5.87763e+06
5.87755e+06
5.87746e+06
5.87736e+06
5.87726e+06
5.87716e+06
5.87704e+06
5.87692e+06
5.8768e+06
5.87666e+06
5.87652e+06
5.87637e+06
5.87621e+06
5.87604e+06
5.87586e+06
5.87567e+06
5.87546e+06
5.87525e+06
5.87502e+06
5.87478e+06
5.87453e+06
5.87426e+06
5.87398e+06
5.87367e+06
5.87335e+06
5.87301e+06
5.87265e+06
5.87227e+06
5.87187e+06
5.87144e+06
5.87099e+06
5.87051e+06
5.87e+06
5.86946e+06
5.86889e+06
5.86829e+06
5.86765e+06
5.86697e+06
5.86626e+06
5.8655e+06
5.86469e+06
5.86384e+06
5.86294e+06
5.86198e+06
5.86097e+06
5.85989e+06
5.85876e+06
5.85876e+06

27.2191
13.5709
9.1154
7.09539
6.32066
6.13227
6.22849
6.46885
6.78849
7.1578
7.56372
8.00091
8.46772
8.96425
9.49146
10.0508
10.644
11.273
11.9397
12.6465
13.3957
14.1898
15.0314
15.9233
16.8686
17.8703
18.9319
20.0568
21.2489
22.5121
23.8506
25.2689
26.7718
28.3643
30.0516
31.8395
33.7339
35.7411
37.8679
40.1213
42.5089
45.0387
47.7191
50.5591
53.5681
56.7562
60.1341
63.7129
67.5048
71.5223
75.7789
80.2887
85.0669
90.1292
95.4928
101.175
107.196
113.574
120.332
127.492
135.078
143.114
151.628
160.648
170.204
180.329
191.054
202.417
214.455
227.208
240.718
255.03
270.192
286.254
303.269
321.293
340.387
360.612
382.037
404.732
428.772
454.235
481.207
509.775
540.034
572.083
606.027
641.978
680.053
720.376
763.08
808.303
856.193
906.904
960.602
1017.46
1077.66
1141.4
1208.89
1280.33
1355.96
1436.03
1520.77
1520.77

1.56982
14.5676
20.5364
23.9558
26.2035
27.9596
29.5419
31.1011
32.7101
34.4056
36.2077
38.1292
40.1793
42.3661
44.6974
47.181
49.8253
52.6389
55.6311
58.8116
62.1911
65.7806
69.5921
73.6381
77.932
82.4882
87.3217
92.4485
97.8859
103.652
109.765
116.247
123.119
130.403
138.124
146.308
154.982
164.175
173.918
184.243
195.185
206.779
219.066
232.086
245.883
260.502
275.992
292.406
309.797
328.225
347.75
368.438
390.358
413.583
438.191
464.263
491.887
521.155
552.165
585.02
619.829
656.709
695.783
737.18
781.04
827.508
876.738
928.896
984.154
1042.7
1104.72
1170.42
1240.04
1313.78
1391.91
1474.68
1562.36
1655.24
1753.65
1857.89
1968.31
2085.29
2209.2
2340.46
2479.51
2626.79
2782.8
2948.05
3123.08
3308.47
3504.84
3712.81
3933.09
4166.38
4413.45
4675.11
4952.21
5245.66
5556.4
5885.45
6233.87
6602.79
6993.4
6993.4

0
0.786039
2.29073
4.09989
6.04619
8.05539
10.0977
12.1638
14.2541
16.3734
18.5286
20.7274
22.9782
25.2897
27.6706
30.1301
32.6773
35.3216
38.0729
40.9412
43.9367
47.0702
50.3529
53.7964
57.4126
61.2143
65.2146
69.4274
73.8671
78.549
83.4892
88.7045
94.2126
100.032
106.183
112.686
119.563
126.838
134.534
142.678
151.297
160.42
170.078
180.303
191.13
202.594
214.735
227.593
241.211
255.634
270.911
287.094
304.235
322.394
341.629
362.006
383.593
406.461
430.688
456.355
483.546
512.353
542.872
575.206
609.461
645.752
684.201
724.935
768.091
813.812
862.251
913.57
967.939
1025.54
1086.56
1151.21
1219.71
1292.27
1369.14
1450.58
1536.86
1628.26
1725.09
1827.67
1936.34
2051.46
2173.41
2302.59
2439.44
2584.41
2737.97
2900.63
3072.94
3255.45
3448.77
3653.54
3870.43
4100.16
4343.47
4601.17
4874.1
5163.15
5469.27
5469.27

1
0.965698
0.946054
0.945774
0.966426
1.00826
1.07099
1.15411
1.25714
1.3796
1.52113
1.68146
1.8604
2.05789
2.27394
2.50868
2.76233
3.03521
3.32771
3.64035
3.97372
4.32851
4.70552
5.10561
5.52977
5.97908
6.45473
6.958
7.49028
8.0531
8.64806
9.27693
9.94156
10.644
11.3863
12.1708
13
13.8764
14.8028
15.7821
16.8175
17.9123
19.0699
20.2942
21.5892
22.9589
24.4079
25.941
27.5631
29.2796
31.0961
33.0186
35.0535
37.2075
39.4876
41.9015
44.4572
47.1631
50.0282
53.062
56.2746
59.6767
63.2796
67.0953
71.1364
75.4165
79.9498
84.7514
89.8372
95.2243
100.931
106.975
113.378
120.16
127.345
134.956
143.018
151.559
160.606
170.191
180.345
191.101
202.496
214.567
227.355
240.902
255.253
270.456
286.561
303.622
321.696
340.843
361.125
382.611
405.372
429.482
455.022
482.077
510.735
541.092
573.247
607.308
643.385
643.385

1
0.8416
0.71205
0.606465
0.520956
0.452385
0.3982
0.356312
0.325013
0.302895
0.288806
0.281797
0.281093
0.286057
0.296174
0.311026
0.330278
0.353665
0.380986
0.412086
0.446858
0.485235
0.527182
0.572696
0.621801
0.67455
0.731015
0.791294
0.855505
0.923787
0.996297
1.07322
1.15474
1.24109
1.3325
1.42924
1.53157
1.63981
1.75428
1.87532
2.0033
2.13862
2.28171
2.433
2.59299
2.76219
2.94112
3.13038
3.33056
3.54233
3.76636
4.00339
4.2542
4.51961
4.80048
5.09774
5.41238
5.74542
6.09798
6.47121
6.86635
7.28471
7.72769
8.19674
8.69343
9.2194
9.77641
10.3663
10.9911
11.6527
12.3535
13.0958
13.882
14.7148
15.5969
16.5313
17.521
18.5694
19.68
20.8565
22.1027
23.4229
24.8214
26.3029
27.8724
29.535
31.2962
33.162
35.1386
37.2325
39.4506
41.8004
44.2897
46.9267
49.7202
52.6794
55.8142
59.135
62.6527
66.3791
70.3263
74.5076
78.9367
78.9367

1
1.10499
1.33809
1.68319
2.13473
2.69048
3.35007
4.1142
4.98429
5.96231
7.05073
8.25247
9.57088
11.0098
12.5734
14.2664
16.0941
18.0621
20.1765
22.4441
24.872
27.4681
30.2408
33.199
36.3525
39.7114
43.2869
47.0906
51.1352
55.434
60.0011
64.8518
70.0021
75.4691
81.2711
87.4272
93.9581
100.885
108.232
116.023
124.284
133.043
142.328
152.172
162.606
173.666
185.388
197.812
210.979
224.933
239.722
255.393
272.001
289.599
308.248
328.009
348.948
371.136
394.646
419.557
445.953
473.922
503.556
534.956
568.225
603.476
640.826
680.399
722.329
766.754
813.824
863.695
916.534
972.517
1031.83
1094.68
1161.26
1231.8
1306.54
1385.73
1469.62
1558.51
1652.68
1752.45
1858.15
1970.13
2088.77
2214.46
2347.62
2488.7
2638.15
2796.48
2964.22
3141.92
3330.17
3529.59
3740.85
3964.65
4201.72
4452.86
4718.89
5000.69
5299.2
5299.2

0
0.0302742
0.0558163
0.0774939
0.0960306
0.112035
0.126022
0.13843
0.149635
0.159964
0.169698
0.179087
0.188351
0.197687
0.207272
0.21727
0.227832
0.239097
0.251198
0.264263
0.278414
0.293771
0.310453
0.328577
0.34826
0.369622
0.392785
0.417872
0.445012
0.474335
0.505979
0.540086
0.576805
0.616291
0.658707
0.704224
0.753022
0.805291
0.861231
0.921052
0.984978
1.05324
1.1261
1.20381
1.28664
1.37491
1.46891
1.56898
1.67547
1.78874
1.90921
2.03727
2.17337
2.31798
2.47159
2.63473
2.80796
2.99187
3.18707
3.39424
3.61407
3.84731
4.09474
4.35721
4.63559
4.93083
5.24392
5.57592
5.92793
6.30115
6.69682
7.11628
7.56093
8.03227
8.53187
9.06141
9.62266
10.2175
10.8479
11.5161
12.2241
12.9745
13.7697
14.6123
15.5052
16.4514
17.454
18.5164
19.6422
20.835
22.0989
23.4381
24.857
26.3605
27.9534
29.6412
31.4294
33.324
35.3313
37.4581
39.7113
42.0984
44.6275
44.6275

