1.64e+06
1.63989e+06
1.63978e+06
1.63965e+06
1.63952e+06
1.63938e+06
1.63923e+06
1.63907e+06
1.6389e+06
1.63871e+06
1.63852e+06
1.63831e+06
1.63809e+06
1.63786e+06
1.63761e+06
1.63734e+06
1.63706e+06
1.63675e+06
1.63643e+06
1.63609e+06
1.63572e+06
1.63533e+06
1.63492e+06
1.63447e+06
1.634e+06
1.6335e+06
1.63296e+06
1.63239e+06
1.63179e+06
1.63114e+06
1.63045e+06
1.62972e+06
1.62894e+06
1.62811e+06
1.62722e+06
1.62628e+06
1.62528e+06
1.62421e+06
1.62307e+06
1.62186e+06
1.62058e+06
1.61921e+06
1.61775e+06
1.6162e+06
1.61455e+06
1.6128e+06
1.61093e+06
1.60895e+06
1.60684e+06
1.6046e+06
1.60222e+06
1.59969e+06
1.59701e+06
1.59415e+06
1.59113e+06
1.58791e+06
1.5845e+06
1.58088e+06
1.57704e+06
1.57298e+06
1.56866e+06
1.56409e+06
1.55926e+06
1.55413e+06
1.54872e+06
1.54298e+06
1.53692e+06
1.53052e+06
1.52376e+06
1.51662e+06
1.50909e+06
1.50116e+06
1.4928e+06
1.484e+06
1.47474e+06
1.46501e+06
1.4548e+06
1.44407e+06
1.43283e+06
1.42106e+06
1.40874e+06
1.39587e+06
1.38243e+06
1.36842e+06
1.35382e+06
1.33863e+06
1.32285e+06
1.30649e+06
1.28953e+06
1.27199e+06
1.25387e+06
1.23519e+06
1.21595e+06
1.19618e+06
1.17589e+06
1.15511e+06
1.13386e+06
1.11219e+06
1.09011e+06
1.06766e+06
1.0449e+06
1.02185e+06
998558
998558

343.685
365.311
391.454
418.651
447.213
477.351
509.257
543.106
579.068
617.312
658.007
701.329
747.458
796.584
848.907
904.638
964
1027.23
1094.58
1166.31
1242.71
1324.07
1410.72
1503
1601.26
1705.88
1817.28
1935.87
2062.12
2196.51
2339.55
2491.78
2653.78
2826.15
3009.54
3204.62
3412.13
3632.81
3867.47
4116.96
4382.16
4664.02
4963.52
5281.71
5619.68
5978.57
6359.58
6763.98
7193.08
7648.26
8130.93
8642.6
9184.81
9759.17
10367.3
11011
11691.9
12412
13172.9
13976.7
14825.1
15720.2
16663.9
17658
18704.6
19805.4
20962.4
22177.2
23451.5
24786.9
26184.7
27646.3
29172.5
30764.1
32421.7
34145.5
35935.1
37790.1
39709.4
41691.5
43734.2
45835
47990.5
50196.8
52449.3
54742.6
57070.4
59426
61801.7
64188.9
66578.4
68960.3
71324
73658.1
75950.9
78190
80362.8
82456.6
84458.3
86355
88134.1
89783.4
91291.1
91291.1

723.61
767.996
815.491
866.683
921.66
980.563
1043.57
1110.91
1182.81
1259.55
1341.42
1428.75
1521.87
1621.16
1727.01
1839.84
1960.1
2088.28
2224.89
2370.46
2525.58
2690.86
2866.97
3054.6
3254.48
3467.42
3694.25
3935.86
4193.2
4467.28
4759.16
5069.98
5400.95
5753.35
6128.53
6527.94
6953.09
7405.61
7887.22
8399.72
8945.04
9525.21
10142.4
10798.8
11497
12239.3
13028.5
13867.4
14759
15706.4
16712.9
17781.9
18917
20122.1
21401.1
22758.3
24197.8
25724.3
27342.5
29057.2
30873.6
32796.9
34832.5
36986
39263.1
41669.8
44211.9
46895.7
49727.2
52712.8
55858.5
59170.6
62655.2
66318.3
70165.8
74203.2
78435.9
82868.8
87506.3
92352.4
97410.3
102683
108171
113877
119799
125936
132287
138845
145607
152564
159708
167029
174514
182148
189915
197797
205774
213824
221922
230044
238161
246245
254266
254266

0
32.7969
65.7267
98.9346
132.569
166.775
201.695
237.475
274.261
312.201
351.448
392.159
434.499
478.636
524.747
573.017
623.637
676.812
732.752
791.682
853.837
919.465
988.827
1062.2
1139.88
1222.17
1309.4
1401.92
1500.09
1604.31
1714.98
1832.54
1957.45
2090.22
2231.35
2381.4
2540.96
2710.65
2891.13
3083.09
3287.28
3504.48
3735.53
3981.3
4242.74
4520.82
4816.6
5131.18
5465.73
5821.49
6199.77
6601.94
7029.47
7483.88
7966.81
8479.94
9025.09
9604.12
10219
10871.9
11564.9
12300.2
13080.4
13907.9
14785.2
15715.1
16700.4
17744
18848.9
20018.2
21255.1
22562.9
23945.1
25405
26946.2
28572.2
30286.6
32093.1
33995.2
35996.5
38100.7
40311.1
42631.1
45064
47612.8
50280.3
53069.2
55981.7
59019.8
62185
65478.4
68900.7
72452
76131.7
79938.6
83871
87926.2
92100.8
96390.7
100791
105295
109897
114589
114589

0
0.00124381
0.00483813
0.0105985
0.0183674
0.0280114
0.0394193
0.0525002
0.0671816
0.0834083
0.101141
0.120355
0.141041
0.163202
0.186852
0.212021
0.238747
0.267082
0.297088
0.328837
0.362415
0.397917
0.435447
0.475124
0.517076
0.561443
0.608377
0.658042
0.710615
0.766286
0.82526
0.887754
0.954001
1.02425
1.09877
1.17785
1.26177
1.35088
1.4455
1.54601
1.65278
1.76624
1.88681
2.01496
2.15118
2.29599
2.44995
2.61365
2.7877
2.97277
3.16955
3.37879
3.60127
3.83781
4.08929
4.35664
4.64083
4.9429
5.26393
5.60508
5.96755
6.35262
6.76163
7.19598
7.65715
8.1467
8.66625
9.2175
9.80222
10.4223
11.0796
11.7762
12.5142
13.2957
14.123
14.9984
15.9243
16.9032
17.9375
19.0299
20.1829
21.3993
22.6817
24.0328
25.4553
26.952
28.5255
30.1784
31.9134
33.7329
35.6392
37.6346
39.7212
41.9008
44.1751
46.5456
49.0132
51.5788
54.2429
57.0056
59.8663
62.8245
65.8787
65.8787

0
1.42461e-05
0.000107825
0.000344172
0.000772382
0.00143003
0.00234551
0.00353999
0.00502906
0.00682405
0.00893322
0.0113626
0.014117
0.0172001
0.0206158
0.0243679
0.0284609
0.0329003
0.0376925
0.0428454
0.0483683
0.0542723
0.0605702
0.0672769
0.0744091
0.0819857
0.0900278
0.098559
0.107605
0.117194
0.127358
0.138129
0.149545
0.161645
0.174471
0.18807
0.20249
0.217784
0.234008
0.251223
0.269493
0.288887
0.309478
0.331345
0.354569
0.37924
0.405452
0.433304
0.462903
0.494361
0.527798
0.563341
0.601125
0.641291
0.683993
0.729389
0.777649
0.828953
0.88349
0.941461
1.00308
1.06857
1.13816
1.21211
1.29067
1.37413
1.46278
1.55691
1.65686
1.76296
1.87556
1.99503
2.12176
2.25615
2.39863
2.54963
2.70961
2.87904
3.05841
3.24823
3.44903
3.66134
3.88571
4.12272
4.37293
4.63694
4.91534
5.20873
5.51772
5.84291
6.18491
6.54431
6.92168
7.31762
7.73265
8.16731
8.62209
9.09744
9.59378
10.1115
10.6509
11.2121
11.7955
11.7955

0
8.19687
18.7803
31.7963
47.3018
65.364
86.0597
109.477
135.713
164.878
197.093
232.491
271.218
313.433
359.311
409.037
462.816
520.867
583.426
650.748
723.106
800.794
884.126
973.44
1069.1
1171.48
1281.01
1398.12
1523.28
1657.01
1799.82
1952.3
2115.06
2288.75
2474.06
2671.73
2882.55
3107.35
3347.03
3602.54
3874.88
4165.13
4474.43
4804
5155.12
5529.17
5927.61
6351.97
6803.92
7285.17
7797.59
8343.14
8923.9
9542.06
10200
10900.1
11645.1
12437.6
13280.7
14177.4
15131.1
16145
17223
18368.7
19586.4
20880.1
22254.5
23714.2
25264.1
26909.4
28655.5
30508.2
32473.4
34557.2
36766.1
39106.9
41586.5
44212.2
46991.6
49932.2
53042.3
56330
59803.8
63472.4
67344.6
71429.5
75736.3
80274.2
85052.7
90081
95368.7
100925
106760
112881
119299
126021
133056
140413
148098
156119
164482
173192
182256
182256

0
5.89895e-08
8.64611e-07
4.16817e-06
1.25938e-05
2.94377e-05
5.85072e-05
0.000103993
0.000170372
0.000262327
0.000384694
0.000542418
0.000740527
0.000984117
0.00127834
0.00162841
0.0020396
0.00251726
0.00306685
0.00369392
0.00440415
0.00520341
0.00609773
0.00709336
0.0081968
0.00941481
0.0107545
0.0122233
0.013829
0.0155799
0.0174847
0.0195525
0.0217932
0.024217
0.026835
0.0296589
0.0327009
0.0359745
0.0394936
0.0432731
0.047329
0.0516784
0.0563391
0.0613307
0.0666734
0.0723892
0.0785014
0.0850347
0.0920154
0.0994718
0.107434
0.115933
0.125003
0.134681
0.145004
0.156013
0.167752
0.180266
0.193605
0.20782
0.222967
0.239104
0.256293
0.2746
0.294095
0.314853
0.336951
0.360472
0.385506
0.412145
0.440487
0.470637
0.502705
0.536807
0.573065
0.61161
0.652577
0.696111
0.742362
0.791488
0.843658
0.899046
0.957835
1.02022
1.0864
1.15658
1.231
1.30986
1.39342
1.48192
1.57562
1.67478
1.77968
1.89061
2.00785
2.13172
2.26251
2.40055
2.54616
2.69968
2.86143
3.03175
3.211
3.211

