1.006e+06
1.00581e+06
1.00511e+06
1.00437e+06
1.00357e+06
1.00272e+06
1.00182e+06
1.00087e+06
999876
998826
997720
996556
995331
994041
992685
991257
989756
988178
986519
984775
982943
981018
978998
976876
974650
972315
969867
967301
964612
961796
958849
955765
952540
949170
945649
941974
938139
934141
929975
925638
921125
916432
911557
906497
901248
895809
890177
884352
878333
872118
865709
859106
852311
845326
838154
830798
823263
815555
807678
799639
791446
783107
774631
766026
757304
748474
739549
730539
721456
712314
703124
693900
684655
675401
666152
656921
647720
638561
629458
620422
611463
602593
593822
585160
576616
568197
559912
551768
543771
535927
528240
520715
513356
506165
499145
492298
485624
479125
472800
466650
460674
454870
449238
449238

4200.07
2096.1
1487.26
1222.75
1134.6
1126.01
1154.84
1202.2
1259.64
1323.48
1392.12
1464.93
1541.71
1622.43
1707.18
1796.08
1889.25
1986.85
2089.01
2195.9
2307.66
2424.43
2546.35
2673.57
2806.22
2944.43
3088.3
3237.94
3393.45
3554.9
3722.36
3895.86
4075.44
4261.09
4452.79
4650.47
4854.05
5063.42
5278.43
5498.86
5724.5
5955.07
6190.23
6429.63
6672.85
6919.41
7168.8
7420.44
7673.72
7927.96
8182.45
8436.41
8689.03
8939.47
9186.83
9430.2
9668.63
9901.17
10126.8
10344.6
10553.6
10752.8
10941.3
11118.2
11282.7
11433.8
11570.9
11693.3
11800.4
11891.7
11966.7
12025.2
12066.8
12091.4
12099
12089.6
12063.5
12020.9
11962.1
11887.6
11797.8
11693.5
11575.3
11443.8
11299.9
11144.4
10978.2
10802
10616.9
10423.6
10223.2
10016.4
9804.22
9587.43
9366.89
9143.38
8917.67
8690.48
8462.5
8234.37
8006.69
7780.01
7554.84
7554.84

1194.32
3223.58
4117.66
4637.01
4990.02
5278.02
5546.27
5815.34
6094.7
6388.88
6700.23
7030.11
7379.48
7749.15
8139.87
8552.37
8987.42
9445.79
9928.29
10435.7
10969
11528.9
12116.4
12732.3
13377.5
14053
14759.5
15498
16269.4
17074.4
17913.8
18788.4
19698.9
20645.9
21629.9
22651.4
23710.8
24808.3
25944.1
27118.1
28330.1
29579.9
30866.8
32190.3
33549.3
34942.7
36369.2
37827.1
39314.4
40829.2
42368.8
43930.6
45511.6
47108.4
48717.6
50335.2
51957.1
53579
55196.2
56803.9
58397.1
59970.5
61518.8
63036.5
64518.3
65958.4
67351.4
68691.9
69974.5
71194.1
72345.5
73424.2
74425.7
75345.8
76180.7
76927.3
77582.5
78143.8
78609.5
78977.8
79248
79419.5
79492.4
79467.2
79345
79127.2
78815.9
78413.3
77922.3
77346
76687.7
75951.3
75140.6
74259.9
73313.6
72306
71241.7
70125.4
68961.8
67755.4
66510.9
65232.8
63925.5
63925.5

71
306.329
659.784
1054.91
1463.32
1873.35
2281.05
2685.83
3088.53
3490.62
3893.75
4299.67
4710.08
5126.66
5551.03
5984.78
6429.45
6886.56
7357.58
7843.96
8347.13
8868.51
9409.48
9971.44
10555.8
11163.8
11796.9
12456.4
13143.6
13859.9
14606.5
15384.8
16196
17041.3
17922
18839.1
19793.9
20787.4
21820.6
22894.4
24009.8
25167.4
26368.1
27612.3
28900.4
30232.9
31609.8
33031.1
34496.7
36006.2
37559
39154.2
40791
42467.9
44183.6
45936.1
47723.5
49543.4
51393.2
53270
55170.6
57091.5
59029.1
60979.2
62937.7
64899.9
66861.2
68816.6
70761
72689.1
74595.5
76474.7
78321.1
80129.2
81893.3
83608
85267.8
86867.4
88401.6
89865.6
91254.7
92564.3
93790.5
94929.3
95977.4
96931.7
97789.6
98548.8
99207.4
99764.2
100218
100569
100816
100959
101001
100941
100781
100523
100169
99721.6
99183.7
98558.2
97848.4
97848.4

76
70.7291
67.9916
68.0618
70.8703
76.2275
83.9116
93.7059
105.414
118.865
133.912
150.434
168.329
187.519
207.941
229.549
252.311
276.211
301.24
327.402
354.712
383.19
412.867
443.779
475.969
509.484
544.379
580.712
618.545
657.945
698.979
741.721
786.246
832.629
880.951
931.291
983.73
1038.35
1095.23
1154.46
1216.11
1280.27
1347.01
1416.4
1488.53
1563.45
1641.24
1721.96
1805.65
1892.36
1982.14
2075.01
2171.01
2270.14
2372.4
2477.8
2586.3
2697.87
2812.46
2930.02
3050.46
3173.69
3299.6
3428.05
3558.92
3692.02
3827.19
3964.23
4102.91
4243.01
4384.27
4526.44
4669.22
4812.34
4955.47
5098.3
5240.5
5381.74
5521.66
5659.92
5796.16
5930.03
6061.18
6189.25
6313.91
6434.81
6551.62
6664.03
6771.74
6874.44
6971.88
7063.79
7149.94
7230.12
7304.13
7371.8
7432.98
7487.56
7535.43
7576.51
7610.76
7638.15
7658.67
7658.67

19
18.3556
17.7085
17.1017
16.5752
16.1631
15.8927
15.7855
15.8576
16.1207
16.583
17.2496
18.1237
19.2065
20.4982
21.9979
23.7044
25.6162
27.7317
30.0493
32.5679
35.2867
38.2054
41.3242
44.6439
48.166
51.8927
55.8267
59.9715
64.3313
68.911
73.7161
78.7525
84.0272
89.5475
95.3211
101.357
107.663
114.249
121.125
128.301
135.787
143.594
151.733
160.214
169.05
178.25
187.826
197.789
208.149
218.917
230.102
241.714
253.762
266.254
279.197
292.597
306.46
320.791
335.591
350.862
366.605
382.818
399.497
416.638
434.233
452.274
470.749
489.644
508.944
528.632
548.686
569.085
589.802
610.811
632.082
653.583
675.28
697.135
719.112
741.169
763.264
785.355
807.395
829.338
851.138
872.746
894.114
915.193
935.933
956.287
976.206
995.642
1014.55
1032.88
1050.6
1067.65
1084
1099.61
1114.45
1128.47
1141.66
1153.98
1153.98

76
109.279
172.085
265.196
388.89
543.103
727.708
942.623
1187.86
1463.56
1769.96
2107.44
2476.46
2877.65
3311.71
3779.48
4281.88
4819.96
5394.87
6007.88
6660.33
7353.71
8089.58
8869.62
9695.59
10569.4
11493
12468.5
13498.1
14584.1
15728.8
16934.8
18204.7
19541
20946.7
22424.5
23977.5
25608.6
27321
29117.9
31002.5
32978.2
35048.3
37216.3
39485.6
41859.7
44342
46936.2
49645.6
52473.7
55423.9
58499.6
61704.1
65040.4
68511.7
72120.8
75870.6
79763.6
83802.2
87988.5
92324.5
96811.7
101452
106245
111193
116295
121553
126964
132529
138247
144115
150131
156294
162600
169046
175628
182342
189183
196147
203227
210419
217715
225111
232598
240170
247819
255539
263322
271159
279043
286966
294920
302896
310888
318886
326883
334871
342843
350791
358707
366585
374417
382198
382198

6
7.31512
8.58455
9.80959
10.9945
12.1462
13.2738
14.3879
15.5008
16.6253
17.7754
18.9652
20.2092
21.5221
22.9185
24.4133
26.0209
27.7559
29.6327
31.6656
33.8687
36.2561
38.8421
41.6405
44.6656
47.9316
51.4527
55.2434
59.3186
63.6931
68.3822
73.4017
78.7676
84.4964
90.6052
97.1115
104.034
111.39
119.2
127.484
136.263
145.557
155.39
165.785
176.764
188.353
200.576
213.461
227.033
241.321
256.352
272.156
288.763
306.202
324.505
343.704
363.83
384.915
406.993
430.097
454.259
479.513
505.892
533.428
562.155
592.106
623.31
655.8
689.606
724.757
761.28
799.202
838.548
879.342
921.605
965.356
1010.61
1057.39
1105.7
1155.56
1206.96
1259.92
1314.44
1370.51
1428.13
1487.28
1547.97
1610.17
1673.86
1739.03
1805.64
1873.67
1943.09
2013.86
2085.94
2159.28
2233.85
2309.6
2386.47
2464.42
2543.38
2623.3
2704.12
2704.12

