975.225
975.075
974.904
974.72
974.523
974.311
974.086
973.846
973.59
973.318
973.029
972.722
972.396
972.051
971.684
971.295
970.882
970.444
969.98
969.487
968.965
968.412
967.825
967.202
966.543
965.844
965.102
964.317
963.485
962.603
961.668
960.678
959.63
958.519
957.343
956.098
954.779
953.383
951.906
950.342
948.688
946.939
945.088
943.132
941.064
938.878
936.568
934.128
931.552
928.832
925.962
922.934
919.741
916.375
912.827
909.091
905.157
901.017
896.663
892.085
887.276
882.225
876.925
871.366
865.54
859.439
853.053
846.376
839.398
832.114
824.517
816.599
808.357
799.785
790.88
781.64
772.061
762.145
751.891
741.303
730.384
719.138
707.574
695.7
683.526
671.063
658.326
645.331
632.094
618.635
604.974
591.133
577.136
563.007
548.771
534.457
520.091
505.701
491.316
476.963
462.671
448.468
434.38
420.435
1.02896
1.03902
1.06711
1.10404
1.14891
1.20099
1.25979
1.32497
1.39633
1.47378
1.55733
1.64704
1.74307
1.84562
1.95492
2.07126
2.19498
2.32643
2.46602
2.61418
2.77137
2.93808
3.11486
3.30226
3.50087
3.71133
3.9343
4.17049
4.42062
4.68547
4.96586
5.26265
5.57672
5.90903
6.26055
6.6323
7.02537
7.44086
7.87994
8.34383
8.83377
9.35107
9.89708
10.4732
11.0808
11.7215
12.3967
13.1079
13.8568
14.645
15.474
16.3455
17.2612
18.2228
19.2317
20.2897
21.3983
22.559
23.7733
25.0425
26.3679
27.7507
29.1918
30.692
32.2519
33.872
35.5523
37.2928
39.0929
40.9518
42.8683
44.8408
46.8672
48.945
51.0711
53.2418
55.453
57.6999
59.9773
62.279
64.5985
66.9286
69.2615
71.5889
73.9017
76.1906
78.4457
80.6567
82.8131
84.904
86.9186
88.8458
90.6748
92.395
93.9959
95.4678
96.8014
97.9879
99.0196
99.8897
100.592
101.123
101.477
101.653
1.00049
1.07663
1.15062
1.22447
1.29931
1.37606
1.45551
1.53838
1.62527
1.71675
1.81336
1.91558
2.0239
2.1388
2.26076
2.39026
2.5278
2.6739
2.82907
2.99389
3.16893
3.35479
3.55212
3.7616
3.98393
4.21985
4.47017
4.7357
5.01733
5.31597
5.63261
5.96825
6.32399
6.70095
7.10032
7.52337
7.9714
8.4458
8.94802
9.47957
10.042
10.6371
11.2665
11.932
12.6356
13.3791
14.1647
14.9945
15.8707
16.7955
17.7714
18.8007
19.8859
21.0297
22.2347
23.5035
24.8388
26.2436
27.7205
29.2723
30.902
32.6123
34.406
36.2858
38.2544
40.3144
42.4682
44.7181
47.0664
49.5148
52.065
54.7185
57.4762
60.3389
63.3069
66.3799
69.5573
72.8379
76.2198
79.7005
83.2771
86.9455
90.7012
94.5387
98.4519
102.434
106.476
110.571
114.708
118.876
123.066
127.264
131.458
135.635
139.78
143.879
147.918
151.881
155.753
159.518
163.161
166.668
170.023
173.212
0
0.0604925
0.123557
0.189057
0.256947
0.327241
0.400003
0.47534
0.553392
0.634331
0.718353
0.805681
0.896558
0.991249
1.09004
1.19323
1.30115
1.41413
1.53255
1.65679
1.78725
1.92436
2.06858
2.22038
2.38027
2.54878
2.72646
2.91391
3.11176
3.32065
3.54128
3.77439
4.02074
4.28114
4.55645
4.84757
5.15545
5.48108
5.82553
6.18991
6.57536
6.98313
7.4145
7.87083
8.35354
8.86411
9.40412
9.97521
10.5791
11.2176
11.8925
12.6059
13.3598
14.1563
14.9977
15.8862
16.8243
17.8145
18.8593
19.9614
21.1236
22.3487
23.6397
24.9995
26.4311
27.9378
29.5226
31.1889
32.9398
34.7787
36.7087
38.7333
40.8557
43.079
45.4064
47.841
50.3857
53.0433
55.8163
58.7074
61.7185
64.8516
68.1084
71.4902
74.9978
78.6316
82.3919
86.278
90.2891
94.4236
98.6794
103.054
107.543
112.144
116.851
121.66
126.563
131.555
136.627
141.772
146.981
152.244
157.552
162.893
0
0.000755339
0.00302704
0.00682012
0.0121372
0.0189806
0.0273532
0.0372603
0.04871
0.0617138
0.0762876
0.0924518
0.110232
0.129659
0.15077
0.173606
0.198218
0.22466
0.252994
0.283289
0.315622
0.350077
0.386745
0.425726
0.467128
0.51107
0.557676
0.607084
0.659439
0.714898
0.773628
0.835809
0.90163
0.971297
1.04502
1.12304
1.2056
1.29295
1.38537
1.48316
1.58662
1.69609
1.8119
1.93443
2.06406
2.20121
2.3463
2.49979
2.66216
2.83392
3.0156
3.20777
3.41101
3.62594
3.85321
4.09352
4.34757
4.61611
4.89993
5.19986
5.51675
5.85149
6.20503
6.57833
6.9724
7.3883
7.82712
8.28998
8.77805
9.29254
9.83468
10.4058
11.0071
11.64
12.3058
13.006
13.742
14.5152
15.327
16.1789
17.0724
18.0089
18.9899
20.0168
21.0909
22.2138
23.3866
24.6106
25.8871
27.2171
28.6018
30.042
31.5385
33.0921
34.7033
36.3726
38.1001
39.8861
41.7303
43.6325
45.5923
47.6088
49.6813
51.8085
0
9.13419e-06
7.21019e-05
0.000240072
0.000561347
0.00108148
0.00184346
0.00288789
0.00425324
0.00597607
0.0080913
0.0106324
0.0136319
0.0171211
0.0211309
0.0256919
0.0308343
0.0365885
0.0429852
0.0500558
0.0578322
0.0663474
0.0756358
0.085733
0.0966762
0.108505
0.121259
0.134984
0.149725
0.16553
0.182451
0.200543
0.219865
0.240478
0.262447
0.285844
0.310741
0.337219
0.36536
0.395255
0.426997
0.460688
0.496434
0.534348
0.574551
0.617169
0.662338
0.710201
0.760909
0.814622
0.87151
0.93175
0.995534
1.06306
1.13454
1.21019
1.29025
1.37497
1.4646
1.55942
1.65972
1.7658
1.87797
1.99657
2.12195
2.25447
2.39451
2.54247
2.69877
2.86385
3.03815
3.22215
3.41634
3.62123
3.83735
4.06523
4.30546
4.5586
4.82526
5.10605
5.40162
5.7126
6.03965
6.38346
6.74471
7.12409
7.52231
7.94007
8.37808
8.83706
9.3177
9.82071
10.3468
10.8966
11.4708
12.0701
12.695
13.3461
14.0241
14.7293
15.4623
16.2235
17.0132
17.8318
0
0.00278616
0.00604308
0.00978189
0.0140171
0.0187658
0.0240473
0.0298835
0.0362982
0.0433178
0.0509706
0.0592873
0.0683011
0.0780473
0.0885641
0.0998919
0.112074
0.125157
0.13919
0.154225
0.170318
0.187528
0.205919
0.225557
0.246513
0.268863
0.292686
0.318069
0.3451
0.373876
0.404497
0.437071
0.471711
0.508538
0.547679
0.589268
0.63345
0.680373
0.730199
0.783095
0.83924
0.898823
0.962042
1.02911
1.10024
1.17567
1.25565
1.34044
1.43031
1.52555
1.62646
1.73336
1.84659
1.96649
2.09345
2.22783
2.37006
2.52055
2.67976
2.84814
3.02619
3.2144
3.41332
3.6235
3.84549
4.07991
4.32737
4.58851
4.86399
5.1545
5.46074
5.78344
6.12335
6.48123
6.85787
7.25406
7.67063
8.10839
8.56819
9.05087
9.55729
10.0883
10.6448
11.2275
11.8374
12.4753
13.1419
13.8382
14.5648
15.3225
16.112
16.934
17.789
18.6778
19.6008
20.5585
21.5512
22.5794
23.6433
24.743
25.8787
27.0505
28.2582
29.5017
0
4.26663e-07
3.41891e-06
1.15555e-05
2.74238e-05
5.36178e-05
9.27379e-05
0.000147394
0.000220208
0.000313822
0.000430901
0.000574146
0.000746295
0.000950136
0.00118852
0.00146436
0.00178065
0.00214048
0.00254704
0.00300362
0.00351364
0.00408067
0.00470842
0.00540077
0.00616177
0.00699567
0.00790691
0.0089002
0.00998043
0.0111528
0.0124228
0.0137961
0.0152788
0.0168774
0.0185985
0.0204494
0.0224376
0.0245711
0.0268583
0.0293081
0.0319301
0.0347341
0.0377308
0.0409314
0.0443476
0.047992
0.0518778
0.0560189
0.0604303
0.0651274
0.0701268
0.0754461
0.0811035
0.0871186
0.093512
0.100305
0.107522
0.115185
0.123321
0.131956
0.141119
0.150839
0.161148
0.172079
0.183666
0.195947
0.208958
0.222741
0.237338
0.252792
0.269151
0.286462
0.304776
0.324146
0.344628
0.366279
0.389159
0.41333
0.438858
0.465809
0.494255
0.524267
0.55592
0.589292
0.624463
0.661515
0.700532
0.741601
0.784812
0.830254
0.878021
0.928208
0.98091
1.03623
1.09425
1.15509
1.21883
1.28559
1.35546
1.42854
1.50493
1.58473
1.66803
1.75494
0
2.12017e-07
3.32662e-06
1.66453e-05
5.20278e-05
0.000125634
0.000257681
0.000472214
0.0007969
0.00126284
0.00190443
0.00275916
0.00386757
0.00527312
0.00702212
0.00916369
0.0117497
0.0148349
0.0184768
0.0227356
0.0276746
0.0333599
0.039861
0.0472502
0.0556034
0.0649999
0.0755228
0.0872588
0.100299
0.114739
0.130678
0.148222
0.167479
0.188567
0.211605
0.236722
0.264052
0.293736
0.325922
0.360767
0.398436
0.439104
0.482952
0.530176
0.580979
0.635577
0.694196
0.757079
0.824478
0.896661
0.973911
1.05653
1.14483
1.23914
1.33983
1.44725
1.56182
1.68393
1.81402
1.95258
2.10007
2.25701
2.42396
2.60148
2.79018
2.99069
3.2037
3.4299
3.67004
3.9249
4.19532
4.48215
4.78632
5.10876
5.4505
5.81259
6.19612
6.60226
7.03222
7.48726
7.96871
8.47795
9.01643
9.58566
10.1872
10.8227
11.4937
12.2022
12.9499
13.7387
14.5706
15.4476
16.3717
17.3451
18.37
19.4486
20.5834
21.7767
23.0309
24.3484
25.7319
27.1838
28.7069
30.3036
