4.356e+06
4.35591e+06
4.35583e+06
4.35575e+06
4.35566e+06
4.35557e+06
4.35547e+06
4.35537e+06
4.35526e+06
4.35515e+06
4.35503e+06
4.3549e+06
4.35477e+06
4.35464e+06
4.35449e+06
4.35434e+06
4.35418e+06
4.35401e+06
4.35383e+06
4.35365e+06
4.35345e+06
4.35324e+06
4.35303e+06
4.3528e+06
4.35256e+06
4.3523e+06
4.35203e+06
4.35175e+06
4.35145e+06
4.35114e+06
4.35081e+06
4.35046e+06
4.3501e+06
4.34971e+06
4.34931e+06
4.34888e+06
4.34843e+06
4.34795e+06
4.34745e+06
4.34692e+06
4.34637e+06
4.34578e+06
4.34517e+06
4.34452e+06
4.34383e+06
4.34311e+06
4.34236e+06
4.34156e+06
4.34071e+06
4.33983e+06
4.33889e+06
4.33791e+06
4.33687e+06
4.33578e+06
4.33463e+06
4.33342e+06
4.33215e+06
4.33081e+06
4.32939e+06
4.3279e+06
4.32634e+06
4.32469e+06
4.32295e+06
4.32112e+06
4.3192e+06
4.31717e+06
4.31504e+06
4.31279e+06
4.31043e+06
4.30794e+06
4.30533e+06
4.30257e+06
4.29968e+06
4.29663e+06
4.29342e+06
4.29005e+06
4.28651e+06
4.28278e+06
4.27886e+06
4.27474e+06
4.27041e+06
4.26586e+06
4.26108e+06
4.25605e+06
4.25077e+06
4.24523e+06
4.23941e+06
4.23329e+06
4.22688e+06
4.22014e+06
4.21307e+06
4.20566e+06
4.19788e+06
4.18973e+06
4.18118e+06
4.17223e+06
4.16284e+06
4.15302e+06
4.14273e+06
4.13196e+06
4.12069e+06
4.1089e+06
4.09658e+06
4.09658e+06

9.59178
67.5818
94.1559
110.167
121.052
129.648
137.332
144.778
152.325
160.147
168.34
176.963
186.056
195.653
205.784
216.478
227.767
239.681
252.253
265.517
279.51
294.27
309.836
326.252
343.561
361.812
381.053
401.336
422.717
445.253
469.005
494.038
520.419
548.219
577.513
608.379
640.9
675.164
711.262
749.29
789.35
831.548
875.996
922.813
972.121
1024.05
1078.74
1136.33
1196.97
1260.83
1328.05
1398.84
1473.35
1551.79
1634.35
1721.26
1812.72
1908.97
2010.25
2116.82
2228.94
2346.88
2470.95
2601.44
2738.66
2882.96
3034.68
3194.17
3361.81
3538
3723.13
3917.64
4121.96
4336.56
4561.89
4798.47
5046.79
5307.38
5580.79
5867.57
6168.3
6483.59
6814.03
7160.26
7522.92
7902.65
8300.14
8716.05
9151.07
9605.91
10081.3
10577.8
11096.3
11637.4
12201.8
12790.2
13403.3
14041.7
14706
15396.9
16114.9
16860.5
17634.2
17634.2

692.229
660.078
656.625
666.411
683.634
705.457
730.545
758.288
788.437
820.914
855.732
892.949
932.647
974.927
1019.9
1067.69
1118.42
1172.23
1229.27
1289.7
1353.67
1421.37
1492.97
1568.68
1648.7
1733.25
1822.55
1916.86
2016.42
2121.52
2232.42
2349.45
2472.9
2603.13
2740.47
2885.3
3038.02
3199.03
3368.77
3547.7
3736.3
3935.07
4144.55
4365.3
4597.9
4842.99
5101.21
5373.24
5659.82
5961.7
6279.68
6614.6
6967.33
7338.81
7730
8141.92
8575.65
9032.31
9513.08
10019.2
10552
11112.7
11702.9
12324
12977.6
13665.3
14388.9
15150.1
15950.8
16792.9
17678.6
18609.9
19589.1
20618.6
21700.6
22837.8
24032.8
25288.3
26607.2
27992.4
29447
30974.2
32577.2
34259.6
36024.6
37876.2
39817.8
41853.5
43987.2
46222.9
48564.9
51017.3
53584.5
56270.9
59081
62019.4
65090.7
68299.4
71650.2
75147.7
78796.5
82601.2
86566.2
86566.2

1
57.0159
110.192
162.249
214.043
266.067
318.633
371.968
426.261
481.683
538.395
596.56
656.342
717.908
781.428
847.079
915.042
985.506
1058.66
1134.72
1213.88
1296.37
1382.41
1472.24
1566.1
1664.26
1766.98
1874.55
1987.26
2105.42
2229.35
2359.4
2495.92
2639.28
2789.87
2948.11
3114.43
3289.28
3473.13
3666.5
3869.9
4083.89
4309.04
4545.97
4795.33
5057.78
5334.04
5624.85
5930.99
6253.3
6592.63
6949.9
7326.08
7722.15
8139.19
8578.31
9040.68
9527.52
10040.1
10579.9
11148.2
11746.5
12376.5
13039.7
13737.9
14473
15246.8
16061.3
16918.7
17821.1
18770.9
19770.5
20822.3
21929.2
23093.8
24319.1
25608.1
26964
28390.2
29890.1
31467.4
33125.9
34869.6
36702.5
38629
40653.6
42781
45016.1
47363.9
49829.6
52418.8
55137
57990.2
60984.5
64126
67421.3
70877
74500.1
78297.5
82276.7
86445.1
90810.2
95379.9
95379.9

2
1.92551
2.05807
2.37176
2.84755
3.47053
4.2286
5.11174
6.11161
7.2213
8.43514
9.74859
11.1581
12.6611
14.2559
15.9414
17.7176
19.5849
21.5446
23.5983
25.7484
27.9981
30.3506
32.8101
35.381
38.0686
40.8783
43.8162
46.8888
50.1034
53.4673
56.9889
60.6766
64.5398
68.5881
72.8319
77.2821
81.9503
86.8487
91.9901
97.3882
103.057
109.012
115.269
121.845
128.757
136.024
143.665
151.701
160.153
169.045
178.4
188.242
198.6
209.5
220.972
233.046
245.756
259.134
273.216
288.041
303.647
320.077
337.373
355.582
374.752
394.933
416.179
438.545
462.089
486.874
512.964
540.426
569.332
599.756
631.776
665.475
700.937
738.254
777.519
818.83
862.293
908.013
956.105
1006.69
1059.88
1115.82
1174.63
1236.46
1301.46
1369.77
1441.56
1516.99
1596.23
1679.47
1766.88
1858.68
1955.04
2056.19
2162.33
2273.69
2390.5
2513
2513

0
0.0601387
0.113153
0.165984
0.223947
0.291117
0.370597
0.464729
0.575255
0.703443
0.850194
1.01613
1.20167
1.40707
1.63249
1.87803
2.14375
2.42973
2.73604
3.06279
3.41016
3.77837
4.16771
4.57856
5.01137
5.46667
5.94511
6.44741
6.97439
7.52698
8.1062
8.71317
9.34914
10.0154
10.7135
11.445
12.2115
13.0148
13.8569
14.7398
15.6657
16.6369
17.6559
18.7252
19.8477
21.0262
22.2638
23.5637
24.9295
26.3646
27.8728
29.4583
31.1252
32.878
34.7213
36.66
38.6994
40.845
43.1024
45.4776
47.9771
50.6076
53.376
56.2897
59.3566
62.5847
65.9826
69.5594
73.3246
77.2881
81.4604
85.8524
90.4757
95.3424
100.465
105.858
111.533
117.508
123.795
130.413
137.377
144.706
152.418
160.533
169.071
178.053
187.503
197.442
207.897
218.893
230.455
242.613
255.395
268.832
282.956
297.8
313.397
329.785
347
365.081
384.069
404.004
424.931
424.931

2
6.3036
11.8255
18.6356
26.7809
36.3017
47.2367
59.6255
73.51
88.935
105.949
124.604
144.956
167.066
190.999
216.823
244.614
274.45
306.417
340.605
377.11
416.035
457.488
501.586
548.45
598.212
651.009
706.988
766.302
829.117
895.605
965.95
1040.34
1118.99
1202.12
1289.94
1382.7
1480.65
1584.08
1693.24
1808.46
1930.04
2058.31
2193.62
2336.36
2486.89
2645.65
2813.05
2989.55
3175.65
3371.83
3578.64
3796.64
4026.42
4268.61
4523.85
4792.84
5076.31
5375.02
5689.79
6021.45
6370.9
6739.09
7126.99
7535.65
7966.16
8419.67
8897.4
9400.61
9930.63
10488.9
11076.8
11696
12348.1
13034.8
13757.9
14519.3
15320.9
16164.9
17053.4
17988.8
18973.3
20009.6
21100.4
22248.2
23456.1
24727.1
26064.4
27471.3
28951.3
30508
32145.2
33867
35677.4
37580.8
39581.8
41685
43895.3
46218
48658.3
51221.7
53914.1
56741.4
56741.4

0
0.00111042
0.00422112
0.00920713
0.0161612
0.0253433
0.0371407
0.0520379
0.0705919
0.0934132
0.121151
0.154481
0.194097
0.240707
0.295023
0.357765
0.429652
0.511409
0.603762
0.707439
0.823175
0.951712
1.0938
1.2502
1.4217
1.60908
1.81316
2.03478
2.27482
2.53416
2.81375
3.11456
3.4376
3.78393
4.15466
4.55096
4.97406
5.42523
5.90584
6.41729
6.9611
7.53884
8.15218
8.80286
9.49275
10.2238
10.998
11.8177
12.685
13.6024
14.5725
15.5979
16.6814
17.8262
19.0352
20.3119
21.6597
23.0824
24.5839
26.1681
27.8396
29.6029
31.4627
33.4241
35.4925
37.6735
39.9729
42.3972
44.9527
47.6465
50.4858
53.4783
56.632
59.9555
63.4576
67.1478
71.036
75.1325
79.4483
83.995
88.7846
93.8298
99.144
104.741
110.636
116.845
123.383
130.268
137.518
145.151
153.188
161.649
170.557
179.933
189.802
200.189
211.121
222.625
234.73
247.466
260.865
274.96
289.787
289.787

