1.947e+06
1.947e+06
1.947e+06
1.947e+06
1.947e+06
1.947e+06
1.947e+06
1.94699e+06
1.94699e+06
1.94699e+06
1.94699e+06
1.94699e+06
1.94699e+06
1.94699e+06
1.94698e+06
1.94698e+06
1.94698e+06
1.94698e+06
1.94698e+06
1.94697e+06
1.94697e+06
1.94697e+06
1.94697e+06
1.94696e+06
1.94696e+06
1.94696e+06
1.94696e+06
1.94695e+06
1.94695e+06
1.94695e+06
1.94694e+06
1.94694e+06
1.94693e+06
1.94693e+06
1.94692e+06
1.94692e+06
1.94691e+06
1.94691e+06
1.9469e+06
1.9469e+06
1.94689e+06
1.94688e+06
1.94688e+06
1.94687e+06
1.94686e+06
1.94685e+06
1.94685e+06
1.94684e+06
1.94683e+06
1.94682e+06
1.94681e+06
1.94679e+06
1.94678e+06
1.94677e+06
1.94676e+06
1.94674e+06
1.94673e+06
1.94671e+06
1.9467e+06
1.94668e+06
1.94666e+06
1.94664e+06
1.94662e+06
1.9466e+06
1.94658e+06
1.94656e+06
1.94653e+06
1.94651e+06
1.94648e+06
1.94645e+06
1.94642e+06
1.94639e+06
1.94635e+06
1.94632e+06
1.94628e+06
1.94624e+06
1.9462e+06
1.94616e+06
1.94611e+06
1.94606e+06
1.94601e+06
1.94596e+06
1.9459e+06
1.94584e+06
1.94578e+06
1.94571e+06
1.94564e+06
1.94557e+06
1.94549e+06
1.94541e+06
1.94533e+06
1.94524e+06
1.94514e+06
1.94504e+06
1.94494e+06
1.94483e+06
1.94471e+06
1.94459e+06
1.94446e+06
1.94432e+06
1.94417e+06
1.94402e+06
1.94386e+06
1.94386e+06

7.24813
3.4526
2.24482
1.70202
1.4915
1.43265
1.44493
1.49174
1.55653
1.63191
1.71463
1.80335
1.89759
1.99729
2.10257
2.21364
2.33078
2.45428
2.58447
2.72172
2.86638
3.01884
3.17953
3.34887
3.52733
3.71538
3.91355
4.12236
4.34239
4.57423
4.81851
5.07589
5.34708
5.63281
5.93385
6.25102
6.58519
6.93726
7.30818
7.69897
8.11069
8.54445
9.00143
9.48287
9.99009
10.5244
11.0874
11.6805
12.3053
12.9635
13.657
14.3876
15.1572
15.968
16.8222
17.7221
18.6701
19.6688
20.7209
21.8293
22.9969
24.227
25.5228
26.8879
28.326
29.841
31.4369
33.1181
34.8892
36.7549
38.7203
40.7907
42.9717
45.2692
47.6894
50.2389
52.9245
55.7535
58.7336
61.8727
65.1793
68.6624
72.3314
76.196
80.2668
84.5546
89.0711
93.8283
98.8391
104.117
109.676
115.531
121.697
128.192
135.032
142.237
149.824
157.815
166.23
175.093
184.426
194.254
204.603
204.603

0.150427
3.75562
5.3468
6.22839
6.78837
7.21399
7.59029
7.95646
8.3308
8.72217
9.13516
9.57247
10.036
10.5272
11.0477
11.5987
12.1819
12.7987
13.4509
14.1401
14.8682
15.6372
16.4491
17.306
18.2104
19.1646
20.1712
21.2329
22.3526
23.5333
24.7782
26.0907
27.4743
28.9327
30.47
32.0903
33.7979
35.5976
37.4941
39.4927
41.5987
43.8179
46.1563
48.6202
51.2163
53.9517
56.8338
59.8704
63.0697
66.4405
69.9918
73.7334
77.6754
81.8284
86.2038
90.8134
95.6698
100.786
106.176
111.855
117.837
124.139
130.779
137.773
145.142
152.905
161.083
169.698
178.774
188.335
198.408
209.018
220.196
231.972
244.376
257.444
271.21
285.711
300.987
317.079
334.031
351.887
370.698
390.513
411.385
433.372
456.532
480.928
506.625
533.694
562.206
592.238
623.872
657.192
692.287
729.252
768.187
809.194
852.385
897.875
945.785
996.244
1049.39
1049.39

0
0.167109
0.503475
0.909358
1.34548
1.79465
2.24993
2.70908
3.17192
3.63926
4.11231
4.59249
5.0813
5.58029
6.09105
6.61519
7.15433
7.71014
8.2843
8.87856
9.49468
10.1345
10.7999
11.4928
12.2152
12.9692
13.7569
14.5807
15.4427
16.3455
17.2916
18.2836
19.3244
20.4167
21.5636
22.7683
24.0342
25.3647
26.7635
28.2343
29.7814
31.4088
33.1212
34.923
36.8194
38.8154
40.9165
43.1285
45.4573
47.9094
50.4913
53.2102
56.0735
59.0889
62.2646
65.6093
69.1321
72.8426
76.7508
80.8674
85.2035
89.771
94.5823
99.6503
104.989
110.613
116.537
122.777
129.351
136.276
143.571
151.256
159.351
167.879
176.863
186.327
196.297
206.799
217.862
229.517
241.794
254.727
268.352
282.704
297.823
313.749
330.526
348.199
366.816
386.427
407.085
428.846
451.769
475.914
501.349
528.14
556.361
586.087
617.399
650.379
685.118
721.709
760.25
760.25

0
0.000749391
0.00481895
0.0133736
0.0267033
0.0447464
0.0673039
0.0941374
0.125011
0.159709
0.198044
0.239857
0.285018
0.333425
0.385003
0.439701
0.497492
0.558372
0.622359
0.689489
0.759821
0.83343
0.910411
0.990876
1.07495
1.16279
1.25456
1.35043
1.4506
1.55529
1.66473
1.77917
1.89887
2.02412
2.15523
2.29251
2.43631
2.587
2.74495
2.91057
3.08429
3.26656
3.45786
3.6587
3.8696
4.09112
4.32386
4.56844
4.82551
5.09576
5.37992
5.67874
5.99305
6.32368
6.67153
7.03754
7.42269
7.82804
8.25467
8.70375
9.17649
9.67418
10.1982
10.7498
11.3307
11.9424
12.5866
13.2649
13.9792
14.7316
15.5239
16.3584
17.2374
18.1631
19.1382
20.1653
21.2471
22.3865
23.5868
24.8511
26.1829
27.5857
29.0635
30.6201
32.2598
33.987
35.8065
37.7231
39.7421
41.8688
44.1091
46.4691
48.955
51.5737
54.3321
57.2379
60.2987
63.523
66.9193
70.4968
74.2653
78.2349
82.4162
82.4162

0
7.97963e-06
8.41967e-05
0.00034699
0.000923294
0.00193073
0.00347148
0.00563129
0.0084805
0.0120759
0.0164629
0.0216772
0.0277468
0.0346934
0.0425342
0.0512827
0.06095
0.0715456
0.0830785
0.0955576
0.108992
0.123394
0.138774
0.155148
0.172531
0.190945
0.21041
0.230953
0.252603
0.275393
0.299358
0.324541
0.350986
0.378741
0.40786
0.438403
0.470431
0.504012
0.539221
0.576135
0.614839
0.655423
0.697982
0.742618
0.78944
0.838563
0.890109
0.944208
1.001
1.06062
1.12323
1.18899
1.25808
1.33066
1.40694
1.48711
1.57138
1.65999
1.75316
1.85114
1.9542
2.06261
2.17667
2.29667
2.42295
2.55584
2.69569
2.8429
2.99785
3.16097
3.33269
3.51348
3.70383
3.90426
4.1153
4.33754
4.57156
4.81801
5.07755
5.35089
5.63877
5.94196
6.2613
6.59764
6.9519
7.32503
7.71806
8.13204
8.56809
9.0274
9.51121
10.0208
10.5577
11.1231
11.7188
12.3462
13.0071
13.7033
14.4366
15.2091
16.0228
16.8799
17.7828
17.7828

0
0.0434872
0.14193
0.277153
0.442282
0.634387
0.852433
1.09628
1.36623
1.66284
1.9868
2.33892
2.7201
3.13135
3.57372
4.0484
4.55664
5.09977
5.67925
6.29662
6.95352
7.65172
8.39308
9.17959
10.0134
10.8966
11.8318
12.8213
13.868
14.9745
16.1439
17.3793
18.6841
20.0618
21.5161
23.0511
24.6707
26.3794
28.1819
30.083
32.0879
34.2021
36.4311
38.7812
41.2586
43.8702
46.6229
49.5243
52.5822
55.805
59.2014
62.7805
66.5522
70.5266
74.7146
79.1276
83.7775
88.6769
93.8391
99.2783
105.009
111.047
117.409
124.111
131.173
138.612
146.451
154.709
163.409
172.575
182.231
192.405
203.123
214.414
226.31
238.842
252.045
265.954
280.607
296.045
312.307
329.44
347.489
366.503
386.534
407.636
429.866
453.285
477.955
503.945
531.323
560.165
590.548
622.555
656.273
691.791
729.207
768.622
810.142
853.879
899.952
948.485
999.609
999.609

0
1.99274e-09
3.51648e-07
2.28536e-06
8.28882e-06
2.20731e-05
4.84449e-05
9.31449e-05
0.000162688
0.000264221
0.000405395
0.000594263
0.000839194
0.0011488
0.00153189
0.00199743
0.00255449
0.00321225
0.00397998
0.00486706
0.00588292
0.00703713
0.00833935
0.00979937
0.0114272
0.0132329
0.0152268
0.0174196
0.019822
0.0224453
0.025301
0.0284009
0.0317573
0.0353831
0.0392916
0.0434965
0.0480123
0.0528542
0.0580379
0.0635801
0.069498
0.0758098
0.0825349
0.0896932
0.097306
0.105396
0.113985
0.1231
0.132766
0.14301
0.153862
0.165352
0.177511
0.190375
0.203978
0.218359
0.233557
0.249614
0.266574
0.284484
0.303393
0.323353
0.344419
0.366647
0.390099
0.414839
0.440935
0.468457
0.49748
0.528084
0.560351
0.594371
0.630234
0.66804
0.70789
0.749893
0.794163
0.840821
0.889993
0.941813
0.996421
1.05397
1.11461
1.1785
1.24583
1.31678
1.39153
1.47029
1.55327
1.64071
1.73283
1.82988
1.93214
2.03987
2.15338
2.27296
2.39894
2.53167
2.6715
2.81881
2.97401
3.1375
3.30975
3.30975

