2022.72
2022.21
2021.62
2020.99
2020.32
2019.61
2018.86
2018.07
2017.24
2016.37
2015.45
2014.49
2013.48
2012.43
2011.33
2010.17
2008.97
2007.7
2006.38
2005
2003.56
2002.06
2000.48
1998.84
1997.12
1995.32
1993.45
1991.49
1989.44
1987.31
1985.08
1982.75
1980.32
1977.78
1975.14
1972.37
1969.49
1966.48
1963.35
1960.08
1956.67
1953.11
1949.4
1945.54
1941.51
1937.32
1932.95
1928.4
1923.66
1918.72
1913.59
1908.25
1902.69
1896.91
1890.9
1884.65
1878.16
1871.41
1864.41
1857.14
1849.59
1841.76
1833.64
1825.22
1816.49
1807.46
1798.1
1788.41
1778.39
1768.03
1757.32
1746.26
1734.83
1723.05
1710.89
1698.35
1685.44
1672.15
1658.47
1644.41
1629.96
1615.12
1599.89
1584.27
1568.27
1551.89
1535.13
1518
1500.5
1482.64
1464.43
1445.88
1427
1407.8
1388.29
1368.48
1348.4
1328.06
1307.47
1286.66
1265.64
1244.42
1223.05
1201.52
4.8089
4.79628
4.84982
4.93715
5.05395
5.19668
5.36256
5.54944
5.75568
5.98006
6.22169
6.47997
6.75454
7.04521
7.35196
7.67489
8.01423
8.3703
8.74349
9.13428
9.54319
9.97083
10.4178
10.8848
11.3727
11.882
12.4137
12.9686
13.5476
14.1516
14.7815
15.4384
16.1232
16.8369
17.5808
18.3557
19.163
20.0037
20.8791
21.7903
22.7385
23.7252
24.7514
25.8185
26.9278
28.0807
29.2784
30.5224
31.8139
33.1543
34.5449
35.987
37.482
39.0312
40.6356
42.2967
44.0155
45.7932
47.6308
49.5293
51.4896
53.5125
55.5987
57.7487
59.9631
62.2421
64.5859
66.9945
69.4677
72.005
74.6059
77.2695
79.9947
82.7802
85.6243
88.5251
91.4805
94.4878
97.5441
100.646
103.791
106.974
110.191
113.437
116.708
119.998
123.301
126.61
129.921
133.225
136.515
139.785
143.026
146.23
149.389
152.494
155.537
158.51
161.403
164.208
166.916
169.518
172.006
174.371
3.54952
3.7781
3.99044
4.19352
4.39139
4.58742
4.78433
4.98441
5.18952
5.40126
5.62099
5.84985
6.08888
6.33899
6.601
6.87569
7.16378
7.46596
7.78292
8.11532
8.46385
8.82917
9.21198
9.61298
10.0329
10.4725
10.9325
11.4138
11.9171
12.4433
12.9934
13.5682
14.1687
14.7958
15.4506
16.1342
16.8476
17.592
18.3685
19.1783
20.0227
20.9029
21.8202
22.7759
23.7715
24.8083
25.8877
27.0112
28.1803
29.3965
30.6613
31.9763
33.343
34.763
36.238
37.7694
39.359
41.0082
42.7186
44.4919
46.3295
48.233
50.2038
52.2434
54.353
56.5341
58.7877
61.1151
63.5172
65.995
68.5493
71.1806
73.8895
76.6764
79.5413
82.4842
85.5048
88.6026
91.7768
95.0265
98.3503
101.747
105.214
108.749
112.35
116.014
119.738
123.518
127.35
131.229
135.151
139.11
143.102
147.119
151.155
155.205
159.259
163.312
167.355
171.38
175.379
179.343
183.263
187.129
0
0.281166
0.564173
0.847974
1.13198
1.41591
1.69974
1.98363
2.26789
2.55297
2.83937
3.12768
3.41854
3.71263
4.01067
4.31337
4.6215
4.93582
5.25711
5.58615
5.92374
6.27068
6.6278
6.99592
7.37587
7.76849
8.17467
8.59525
9.03115
9.48327
9.95252
10.4399
10.9463
11.4727
12.0202
12.5899
13.1826
13.7997
14.4421
15.1111
15.8078
16.5335
17.2893
18.0767
18.8968
19.7511
20.641
21.5678
22.5331
23.5384
24.5851
25.6749
26.8094
27.9902
29.2189
30.4974
31.8274
33.2105
34.6487
36.1437
37.6974
39.3116
40.9883
42.7292
44.5364
46.4116
48.3568
50.3739
52.4647
54.6311
56.8748
59.1976
61.6012
64.0874
66.6575
69.3132
72.0559
74.8869
77.8072
80.8181
83.9204
87.1148
90.4019
93.7822
97.2557
100.823
104.482
108.234
112.078
116.013
120.036
124.147
128.344
132.624
136.984
141.422
145.933
150.515
155.163
159.872
164.637
169.454
174.316
179.216
0
0.00501741
0.0200792
0.0451663
0.080231
0.125211
0.180039
0.24465
0.318989
0.403015
0.496703
0.600048
0.71307
0.835808
0.968328
1.11072
1.2631
1.42562
1.59844
1.78176
1.9758
2.18082
2.39709
2.62492
2.86464
3.11662
3.38124
3.65891
3.9501
4.25527
4.57493
4.90962
5.25989
5.62636
6.00965
6.41043
6.82938
7.26724
7.72478
8.20279
8.70212
9.22363
9.76825
10.3369
10.9306
11.5504
12.1974
12.8726
13.5773
14.3127
15.08
15.8804
16.7155
17.5865
18.495
19.4424
20.4302
21.4602
22.534
23.6532
24.8196
26.0352
27.3016
28.621
29.9953
31.4264
32.9166
34.468
36.0828
37.7632
39.5116
41.3302
43.2216
45.1882
47.2324
49.3568
51.5639
53.8564
56.2369
58.7079
61.2723
63.9327
66.6917
69.552
72.5164
75.5874
78.7678
82.0601
85.4669
88.9907
92.6341
96.3992
100.289
104.304
108.449
112.723
117.131
121.672
126.349
131.163
136.115
141.206
146.438
151.811
0
6.6456e-06
5.28425e-05
0.000177215
0.00041727
0.000809339
0.00138857
0.00218896
0.00324341
0.00458377
0.00624097
0.00824509
0.0106255
0.0134109
0.0166294
0.0203089
0.0244769
0.0291606
0.0343873
0.0401843
0.046579
0.0535989
0.0612721
0.0696271
0.0786927
0.0884986
0.0990752
0.110453
0.122666
0.135745
0.149725
0.164642
0.180531
0.197432
0.215384
0.234427
0.254604
0.27596
0.298541
0.322395
0.347573
0.374125
0.402108
0.431577
0.462592
0.495215
0.529509
0.565542
0.603383
0.643106
0.684785
0.728501
0.774334
0.82237
0.872699
0.925412
0.980606
1.03838
1.09884
1.16209
1.22825
1.29743
1.36975
1.44534
1.52432
1.60684
1.69303
1.78303
1.87699
1.97507
2.07743
2.18423
2.29564
2.41183
2.53299
2.6593
2.79096
2.92815
3.07108
3.21995
3.37498
3.53639
3.7044
3.87923
4.06111
4.25029
4.44701
4.6515
4.86403
5.08483
5.31418
5.55232
5.79952
6.05605
6.32217
6.59815
6.88426
7.18076
7.48793
7.80604
8.13534
8.4761
8.82858
9.19305
0
0.0164758
0.039171
0.0680878
0.103233
0.144619
0.192267
0.246209
0.306489
0.373165
0.446311
0.526013
0.612376
0.70552
0.805582
0.912716
1.02709
1.14891
1.27835
1.41567
1.56109
1.71488
1.87732
2.0487
2.22935
2.41961
2.61983
2.83039
3.05169
3.28416
3.52823
3.78438
4.0531
4.33489
4.6303
4.93988
5.26424
5.60397
5.95974
6.3322
6.72206
7.13005
7.55694
8.0035
8.47057
8.95902
9.46972
10.0036
10.5616
11.1448
11.7542
12.3909
13.0559
13.7505
14.4759
15.2332
16.0238
16.849
17.7102
18.6088
19.5463
20.5241
21.5438
22.6071
23.7155
24.8708
26.0748
27.3291
28.6356
29.9963
31.413
32.8877
34.4224
36.0191
37.68
39.4072
41.2027
43.0689
45.0078
47.0219
49.1132
51.2841
53.537
55.874
58.2975
60.8099
63.4133
66.1102
68.9027
71.7931
74.7836
77.8764
81.0735
84.3771
87.7891
91.3115
94.9461
98.6946
102.559
106.54
110.64
114.859
119.2
123.663
0
4.08188e-06
3.27232e-05
0.000110639
0.000262629
0.00051352
0.000888139
0.0014113
0.00210783
0.00300257
0.00412043
0.0054864
0.00712564
0.0090635
0.0113256
0.0139378
0.0169265
0.0203184
0.0241407
0.0284213
0.0331885
0.0384715
0.0443003
0.0507055
0.0577189
0.065373
0.0737015
0.0827393
0.0925223
0.103088
0.114474
0.126722
0.139872
0.153968
0.169055
0.185178
0.202388
0.220732
0.240265
0.261041
0.283116
0.306549
0.331401
0.357737
0.385623
0.415128
0.446325
0.479288
0.514096
0.55083
0.589575
0.630419
0.673454
0.718775
0.766482
0.816678
0.86947
0.924972
0.983298
1.04457
1.10891
1.17646
1.24734
1.3217
1.39968
1.48144
1.56713
1.65692
1.75097
1.84947
1.95258
2.0605
2.17343
2.29156
2.4151
2.54427
2.67929
2.82038
2.96779
3.12176
3.28253
3.45038
3.62555
3.80833
3.999
4.19784
4.40515
4.62124
4.84641
5.08099
5.3253
5.57967
5.84444
6.11996
6.40658
6.70466
7.01456
7.33665
7.67132
8.01893
8.37988
8.75455
9.14334
9.54663
0
3.78139e-08
6.00174e-07
3.02223e-06
9.50142e-06
2.30714e-05
4.75752e-05
8.76388e-05
0.000148646
0.000236712
0.000358666
0.000522024
0.000734979
0.00100638
0.00134571
0.00176311
0.00226932
0.00287571
0.00359428
0.00443763
0.00541899
0.00655221
0.00785175
0.00933275
0.011011
0.0129028
0.0150254
0.0173966
0.0200349
0.0229594
0.0261904
0.0297485
0.0336554
0.0379335
0.0426062
0.0476978
0.0532335
0.0592394
0.0657427
0.0727718
0.080356
0.0885259
0.0973133
0.106751
0.116874
0.127717
0.139318
0.151715
0.164948
0.17906
0.194093
0.210094
0.227108
0.245185
0.264375
0.284733
0.306312
0.32917
0.353367
0.378964
0.406027
0.434622
0.46482
0.496692
0.530314
0.565765
0.603125
0.642481
0.68392
0.727533
0.773416
0.821666
0.872388
0.925686
0.981672
1.04046
1.10217
1.16692
1.23485
1.30608
1.38074
1.459
1.54098
1.62684
1.71675
1.81085
1.90933
2.01234
2.12008
2.23273
2.35047
2.47351
2.60204
2.73627
2.87643
3.02272
3.17538
3.33463
3.50072
3.67389
3.85439
4.04247
4.23841
4.44247
