2213.7
2213.53
2213.34
2213.13
2212.91
2212.67
2212.41
2212.13
2211.84
2211.52
2211.19
2210.83
2210.45
2210.05
2209.62
2209.16
2208.67
2208.16
2207.6
2207.02
2206.39
2205.73
2205.03
2204.28
2203.48
2202.63
2201.73
2200.77
2199.75
2198.66
2197.51
2196.29
2194.98
2193.6
2192.13
2190.56
2188.9
2187.13
2185.26
2183.26
2181.15
2178.9
2176.51
2173.97
2171.28
2168.42
2165.39
2162.17
2158.75
2155.13
2151.29
2147.21
2142.89
2138.32
2133.46
2128.33
2122.88
2117.12
2111.03
2104.58
2097.76
2090.54
2082.92
2074.87
2066.37
2057.4
2047.94
2037.97
2027.46
2016.39
2004.74
1992.49
1979.62
1966.1
1951.92
1937.05
1921.47
1905.16
1888.1
1870.29
1851.69
1832.31
1812.13
1791.13
1769.33
1746.7
1723.26
1699
1673.94
1648.08
1621.44
1594.05
1565.92
1537.08
1507.58
1477.44
1446.71
1415.43
1383.66
1351.46
1318.87
1285.97
1252.81
1219.46
1.01595
1.01813
1.04396
1.0808
1.12719
1.18199
1.24442
1.31398
1.39034
1.47338
1.56308
1.65953
1.76292
1.87348
1.99154
2.11745
2.25162
2.39451
2.54661
2.70848
2.88069
3.06387
3.25867
3.46582
3.68606
3.92021
4.1691
4.43365
4.7148
5.01358
5.33105
5.66835
6.02667
6.40728
6.81152
7.2408
7.6966
8.1805
8.69414
9.23926
9.81769
10.4314
11.0823
11.7725
12.5044
13.2801
14.1022
14.9731
15.8955
16.8722
17.9059
18.9997
20.1567
21.3799
22.6727
24.0383
25.4804
27.0023
28.6076
30.3
32.0832
33.9608
35.9365
38.0139
40.1967
42.4883
44.8922
47.4115
50.0492
52.8083
55.691
58.6994
61.8354
65.1
68.4939
72.0171
75.6688
79.4477
83.3513
87.3763
91.5184
95.7722
100.131
104.587
109.131
113.752
118.439
123.178
127.954
132.751
137.552
142.336
147.085
151.776
156.388
160.896
165.277
169.507
173.561
177.414
181.042
184.422
187.531
190.348
1.00016
1.09234
1.18041
1.26755
1.35542
1.44535
1.53847
1.6357
1.73786
1.84566
1.95978
2.08084
2.20943
2.34617
2.49165
2.64649
2.81132
2.98681
3.17364
3.37254
3.58427
3.80965
4.04953
4.30481
4.57645
4.86548
5.17298
5.50007
5.84799
6.21801
6.61149
7.02989
7.47473
7.94764
8.45032
8.9846
9.55239
10.1557
10.7968
11.4778
12.2011
12.9694
13.7852
14.6514
15.5709
16.5469
17.5827
18.6816
19.8474
21.0837
22.3947
23.7845
25.2575
26.8181
28.4713
30.2219
32.0751
34.0364
36.1111
38.3052
40.6244
43.0751
45.6633
48.3957
51.2786
54.319
57.5234
60.8988
64.4521
68.1901
72.1196
76.2474
80.58
85.1238
89.8849
94.869
100.081
105.527
111.209
117.133
123.299
129.711
136.367
143.269
150.414
157.799
165.418
173.267
181.335
189.614
198.091
206.751
215.579
224.557
233.663
242.874
252.166
261.512
270.882
280.245
289.569
298.819
307.959
316.954
0
0.0701357
0.142799
0.217707
0.294746
0.373904
0.455253
0.53893
0.625123
0.714062
0.80601
0.901263
1.00014
1.10299
1.21018
1.3221
1.43916
1.56179
1.69047
1.82567
1.9679
2.1177
2.27563
2.4423
2.61833
2.80439
3.00117
3.20943
3.42994
3.66353
3.91108
4.17352
4.45182
4.74703
5.06023
5.39259
5.74534
6.11978
6.51728
6.9393
7.38737
7.86313
8.36829
8.90467
9.47419
10.0789
10.7209
11.4025
12.126
12.8941
13.7093
14.5744
15.4924
16.4663
17.4995
18.5953
19.7574
20.9894
22.2954
23.6794
25.1458
26.699
28.3438
30.0851
31.9279
33.8774
35.9392
38.1189
40.4224
42.8555
45.4245
48.1357
50.9955
54.0104
57.1872
60.5324
64.053
67.7555
71.6467
75.7332
80.0216
84.5182
89.229
94.1598
99.316
104.703
110.324
116.184
122.287
128.633
135.225
142.064
149.149
156.478
164.048
171.856
179.896
188.16
196.641
205.328
214.209
223.27
232.498
241.874
0
0.00139735
0.00553741
0.0123354
0.0217045
0.0335612
0.0478287
0.0644393
0.0833365
0.104476
0.127824
0.153364
0.18109
0.21101
0.243145
0.277532
0.31422
0.353271
0.394761
0.438781
0.485436
0.534842
0.587132
0.642453
0.700966
0.762848
0.828291
0.897503
0.970709
1.04815
1.13009
1.21681
1.3086
1.40578
1.5087
1.61772
1.73322
1.85562
1.98535
2.12289
2.26872
2.42337
2.5874
2.7614
2.946
3.14186
3.34969
3.57022
3.80426
4.05263
4.31622
4.59596
4.89285
5.20791
5.54225
5.89704
6.27349
6.6729
7.09663
7.5461
8.02282
8.52837
9.06441
9.63269
10.235
10.8733
11.5496
12.266
13.0246
13.8277
14.6777
15.5771
16.5283
17.5341
18.5972
19.7204
20.9066
22.1588
23.48
24.8734
26.3421
27.8894
29.5185
31.2327
33.0353
34.9296
36.9188
39.0062
41.1949
43.4879
45.8882
48.3985
51.0215
53.7595
56.6146
59.5888
62.6836
65.9002
69.2395
72.7017
76.2868
79.9943
83.8231
87.7715
0
2.89083e-05
0.000217226
0.000688258
0.00153347
0.00281946
0.00459367
0.006889
0.00972759
0.0131238
0.0170867
0.0216218
0.0267328
0.0324227
0.0386947
0.0455532
0.0530038
0.0610544
0.0697152
0.0789991
0.0889219
0.0995025
0.110763
0.122729
0.135429
0.148896
0.163166
0.17828
0.194281
0.211218
0.229143
0.248113
0.26819
0.289439
0.311933
0.335747
0.360962
0.387667
0.415955
0.445924
0.477682
0.511341
0.547021
0.584849
0.624962
0.667503
0.712625
0.76049
0.81127
0.865146
0.922312
0.982972
1.04734
1.11565
1.18814
1.26506
1.34669
1.43331
1.52522
1.62273
1.72619
1.83594
1.95235
2.07582
2.20674
2.34556
2.49273
2.64871
2.814
2.98912
3.17461
3.37104
3.579
3.79909
4.03196
4.27828
4.53871
4.81398
5.10482
5.41197
5.73622
6.07835
6.43919
6.81954
7.22026
7.64219
8.0862
8.55313
9.04385
9.55921
10.1
10.6672
11.2615
11.8836
12.5344
13.2145
13.9246
14.6653
15.437
16.2402
17.0753
17.9425
18.842
19.7738
0
0.000577447
0.00189033
0.00396588
0.00682997
0.0105082
0.0150269
0.0204133
0.0266968
0.0339088
0.0420832
0.051257
0.0614703
0.0727666
0.0851934
0.0988018
0.113647
0.12979
0.147294
0.166229
0.18667
0.208698
0.232399
0.257866
0.285197
0.314499
0.345886
0.379478
0.415404
0.453804
0.494825
0.538623
0.585366
0.635233
0.688414
0.74511
0.805537
0.869924
0.938513
1.01157
1.08935
1.17217
1.26033
1.35416
1.454
1.56024
1.67327
1.79349
1.92137
2.05736
2.20196
2.35571
2.51916
2.6929
2.87757
3.07382
3.28235
3.50391
3.73927
3.98927
4.25478
4.53672
4.83605
5.1538
5.49105
5.84894
6.22864
6.63142
7.05859
7.51152
7.99167
8.50054
9.03973
9.61087
10.2157
10.856
11.5337
12.2507
13.0089
13.8106
14.6579
15.553
16.4982
17.4958
18.5484
19.6583
20.8282
22.0606
23.3581
24.7233
26.1591
27.668
29.2527
30.916
32.6605
34.4888
36.4034
38.407
40.5019
42.6905
44.9749
47.3574
49.8397
52.4236
0
6.63695e-07
5.35838e-06
1.82279e-05
4.34775e-05
8.53271e-05
0.000147981
0.000235609
0.000352343
0.000502274
0.000689458
0.000917929
0.00119171
0.00151484
0.00189136
0.0023254
0.00282111
0.00338276
0.00401473
0.00472151
0.00550779
0.00637841
0.00733844
0.00839317
0.00954817
0.0108093
0.0121826
0.0136748
0.0152926
0.0170433
0.0189346
0.0209749
0.0231726
0.0255371
0.0280781
0.0308062
0.0337323
0.0368682
0.0402265
0.0438205
0.0476643
0.051773
0.0561626
0.0608502
0.0658538
0.0711926
0.0768871
0.0829591
0.0894315
0.0963289
0.103677
0.111504
0.119839
0.128713
0.138159
0.148212
0.158909
0.170289
0.182395
0.19527
0.20896
0.223516
0.23899
0.255437
0.272916
0.291488
0.311219
0.332178
0.354437
0.378073
0.403168
0.429805
0.458076
0.488073
0.519897
0.553651
0.589445
0.627392
0.667614
0.710234
0.755385
0.803204
0.853833
0.907421
0.964123
1.0241
1.08752
1.15455
1.22538
1.30018
1.37915
1.46249
1.55038
1.64305
1.7407
1.84353
1.95178
2.06566
2.1854
2.31121
2.44332
2.58197
2.72736
2.87974
0
9.72832e-07
1.4092e-05
6.74961e-05
0.000202731
0.0004712
0.000931416
0.00164689
0.00268456
0.00411362
0.00600472
0.0084294
0.0114598
0.0151683
0.019628
0.0249122
0.0310948
0.0382507
0.0464559
0.0557878
0.0663256
0.0781506
0.0913469
0.106001
0.122205
0.14005
0.159638
0.18107
0.204455
0.229908
0.25755
0.287508
0.319917
0.35492
0.39267
0.433327
0.477061
0.524055
0.574501
0.628604
0.686583
0.748668
0.815105
0.886158
0.962103
1.04324
1.12987
1.22235
1.32101
1.42625
1.53846
1.65806
1.78552
1.9213
2.06592
2.21992
2.38387
2.55839
2.74411
2.94172
3.15195
3.37557
3.61338
3.86625
4.13509
4.42087
4.7246
5.04736
5.39029
5.75459
6.14153
6.55244
6.98874
7.45192
7.94353
8.46522
9.01873
9.60587
10.2286
10.8888
11.5886
12.3303
13.1162
13.9486
14.83
15.763
16.7504
17.7951
18.8998
20.0677
21.3019
22.6057
23.9825
25.4355
26.9686
28.5852
30.289
32.084
33.9739
35.9628
38.0545
40.2531
42.5626
44.9871
