6523.06
6522.37
6521.08
6519.49
6517.61
6515.47
6513.08
6510.44
6507.55
6504.43
6501.06
6497.44
6493.56
6489.41
6484.97
6480.24
6475.19
6469.81
6464.07
6457.97
6451.47
6444.56
6437.2
6429.38
6421.06
6412.21
6402.8
6392.8
6382.18
6370.89
6358.89
6346.15
6332.62
6318.25
6303.01
6286.83
6269.66
6251.46
6232.16
6211.71
6190.04
6167.09
6142.79
6117.08
6089.88
6061.12
6030.73
5998.63
5964.75
5929
5891.31
5851.59
5809.78
5765.78
5719.53
5670.94
5619.94
5566.46
5510.43
5451.79
5390.48
5326.46
5259.67
5190.09
5117.69
5042.44
4964.37
4883.46
4799.74
4713.26
4624.06
4532.22
4437.82
4340.96
4241.77
4140.39
4036.98
3931.7
3824.75
3716.33
3606.66
3495.98
3384.53
3272.57
3160.34
3048.13
2936.19
2824.79
2714.21
2604.68
2496.48
2389.83
2284.97
2182.12
2081.46
1983.19
1887.46
1794.42
1704.19
1616.88
1532.56
1451.29
1373.13
1298.09
22.9435
20.5996
19.1103
18.1052
17.497
17.2155
17.206
17.4258
17.8422
18.4299
19.1702
20.049
21.0564
22.1856
23.4325
24.7952
26.2734
27.8684
29.5828
31.4201
33.3849
35.4825
37.719
40.1013
42.6366
45.333
48.1991
51.2441
54.4775
57.9097
61.5512
65.4134
69.508
73.847
78.4433
83.3099
88.4603
93.9085
99.6687
105.756
112.184
118.969
126.126
133.67
141.617
149.981
158.777
168.02
177.723
187.899
198.56
209.718
221.382
233.558
246.254
259.472
273.214
287.477
302.256
317.542
333.323
349.58
366.293
383.434
400.971
418.865
437.073
455.544
474.223
493.046
511.944
530.843
549.662
568.313
586.705
604.742
622.324
639.347
655.708
671.3
686.019
699.761
712.425
723.917
734.146
743.03
750.495
756.477
760.922
763.789
765.05
764.689
762.705
759.108
753.924
747.19
738.959
729.292
718.262
705.951
692.45
677.857
662.275
645.811
1.08883
4.02513
6.57885
8.86124
10.9432
12.882
14.7243
16.508
18.2647
20.0204
21.7975
23.6148
25.489
27.4351
29.4664
31.5957
33.8348
36.1952
38.6883
41.3254
44.1179
47.0774
50.2159
53.5457
57.0797
60.8313
64.8145
69.0438
73.5347
78.3033
83.3665
88.7419
94.4482
100.505
106.932
113.752
120.986
128.657
136.791
145.413
154.548
164.224
174.47
185.315
196.789
208.923
221.749
235.299
249.608
264.708
280.634
297.421
315.101
333.711
353.283
373.85
395.445
418.098
441.837
466.691
492.683
519.833
548.161
577.679
608.397
640.318
673.44
707.756
743.249
779.897
817.668
856.524
896.416
937.284
979.062
1021.67
1065.02
1109.01
1153.54
1198.48
1243.71
1289.08
1334.45
1379.67
1424.57
1468.99
1512.76
1555.7
1597.64
1638.41
1677.84
1715.75
1751.99
1786.4
1818.83
1849.16
1877.24
1902.97
1926.26
1947.02
1965.18
1980.68
1993.5
2003.6
16
15.2885
14.7132
14.2556
13.901
13.638
13.4576
13.3528
13.3182
13.3498
13.4447
13.6008
13.8168
14.0921
14.4265
14.8205
15.2749
15.7908
16.3698
17.0139
17.7252
18.5063
19.36
20.2894
21.2981
22.3897
23.5684
24.8384
26.2046
27.672
29.246
30.9323
32.7371
34.667
36.7289
38.9301
41.2784
43.7821
46.4499
49.2909
52.3148
55.5317
58.9524
62.5879
66.4501
70.5512
74.9039
79.5216
84.4182
89.6081
95.1062
100.928
107.089
113.606
120.496
127.776
135.463
143.576
152.131
161.148
170.644
180.637
191.146
202.187
213.778
225.935
238.674
252.01
265.955
280.523
295.723
311.564
328.053
345.194
362.989
381.437
400.534
420.273
440.642
461.628
483.212
505.372
528.081
551.31
575.022
599.18
623.739
648.653
673.869
699.333
724.986
750.766
776.608
802.444
828.204
853.818
879.213
904.314
929.05
953.347
977.132
1000.34
1022.89
1044.72
12
11.8664
11.7117
11.5437
11.3686
11.1916
11.0171
10.8487
10.6893
10.5418
10.4082
10.2906
10.1907
10.11
10.0501
10.0121
9.99748
10.0073
10.0429
10.1053
10.1958
10.3157
10.4661
10.6484
10.864
11.1144
11.4009
11.7254
12.0895
12.495
12.9439
13.4383
13.9803
14.5723
15.2169
15.9166
16.6743
17.4931
18.376
19.3266
20.3483
21.4451
22.6208
23.8798
25.2266
26.6659
28.2027
29.8423
31.5901
33.452
35.4341
37.5426
39.7843
42.1661
44.6952
47.3791
50.2256
53.2427
56.4388
59.8225
63.4026
67.1881
71.1882
75.4125
79.8703
84.5714
89.5255
94.7423
100.232
106.003
112.065
118.428
125.101
132.091
139.408
147.057
155.047
163.383
172.07
181.113
190.514
200.275
210.397
220.878
231.717
242.909
254.449
266.33
278.541
291.071
303.909
317.038
330.441
344.1
357.993
372.099
386.392
400.846
415.433
430.125
444.889
459.696
474.511
489.301
4
4.44271
4.83264
5.17368
5.46987
5.72522
5.94371
6.12919
6.28538
6.41584
6.52394
6.61289
6.68571
6.74523
6.79413
6.83492
6.86996
6.90145
6.93149
6.96204
6.99496
7.03202
7.0749
7.12521
7.18448
7.25423
7.3359
7.43091
7.54068
7.66659
7.81003
7.97239
8.15508
8.35953
8.5872
8.83959
9.11824
9.42476
9.7608
10.1281
10.5284
10.9637
11.4359
11.9471
12.4995
13.0953
13.737
14.4271
15.1682
15.9632
16.815
17.7266
18.7013
19.7426
20.8539
22.039
23.3018
24.6464
26.077
27.5981
29.2142
30.9302
32.751
34.6817
36.7276
38.8942
41.1871
43.6119
46.1745
48.8809
51.7371
54.7493
57.9235
61.2659
64.7827
68.4799
72.3635
76.4393
80.7131
85.1901
89.8758
94.7747
99.8915
105.23
110.794
116.586
122.609
128.864
135.352
142.073
149.027
156.211
163.624
171.261
179.118
187.19
195.468
203.947
212.615
221.464
230.482
239.657
248.975
258.422
12
12.0849
12.1769
12.2752
12.3793
12.4885
12.6027
12.7218
12.8457
12.9744
13.1083
13.2474
13.3921
13.5426
13.6995
13.8632
14.0341
14.2127
14.3998
14.5958
14.8014
15.0175
15.2446
15.4837
15.7355
16.0011
16.2814
16.5773
16.89
17.2207
17.5706
17.9409
18.333
18.7484
19.1885
19.6551
20.1498
20.6743
21.2307
21.8209
22.447
23.1113
23.816
24.5638
25.3571
26.1986
27.0914
28.0383
29.0425
30.1074
31.2364
32.4331
33.7013
35.0449
36.468
37.9749
39.57
41.2578
43.0432
44.931
46.9262
49.034
51.2597
53.6087
56.0866
58.699
61.4515
64.3499
67.4001
70.6077
73.9786
77.5184
81.2328
85.1274
89.2075
93.4784
97.945
102.612
107.484
112.565
117.858
123.367
129.096
135.045
141.217
147.613
154.233
161.079
168.148
175.441
182.954
190.685
198.632
206.789
215.153
223.719
232.479
241.429
250.561
259.867
269.34
278.971
288.752
298.673
12
12.0512
12.1024
12.1534
12.2042
12.2547
12.3049
12.3546
12.404
12.4529
12.5015
12.5497
12.5976
12.6452
12.6927
12.74
12.7873
12.8346
12.882
12.9297
12.9777
13.0261
13.0751
13.1248
13.1753
13.2268
13.2795
13.3334
13.3888
13.4458
13.5046
13.5654
13.6284
13.6938
13.7619
13.8329
13.907
13.9845
14.0656
14.1508
14.2402
14.3342
14.4332
14.5374
14.6473
14.7633
14.8858
15.0153
15.1522
15.2969
15.4501
15.6123
15.7841
15.966
16.1587
16.3628
16.5792
16.8085
17.0514
17.3089
17.5818
17.8709
18.1773
18.5018
18.8455
19.2095
19.5949
20.0029
20.4346
20.8912
21.3742
21.8848
22.4243
22.9943
23.5961
24.2312
24.9013
25.6078
26.3523
27.1365
27.9619
28.8303
29.7433
30.7026
31.7098
32.7666
33.8746
35.0355
36.2508
37.5221
38.8509
40.2387
41.6868
43.1965
44.7691
46.4058
48.1075
49.8751
51.7097
53.6117
55.5818
57.6204
59.7278
61.9042
1
1.00589
1.01235
1.01932
1.02674
1.03454
1.04267
1.05108
1.05973
1.06858
1.07759
1.08674
1.09601
1.10536
1.11479
1.12428
1.13383
1.14342
1.15305
1.16273
1.17245
1.18221
1.19204
1.20192
1.21189
1.22194
1.2321
1.24238
1.25281
1.26339
1.27417
1.28516
1.29639
1.30789
1.31968
1.33182
1.34432
1.35723
1.37059
1.38443
1.39881
1.41378
1.42937
1.44565
1.46267
1.48049
1.49917
1.51878
1.53938
1.56105
1.58387
1.60792
1.63328
1.66004
1.68831
1.71817
1.74973
1.78312
1.81843
1.8558
1.89535
1.93722
1.98156
2.0285
2.07822
2.13086
2.18662
2.24565
2.30816
2.37434
2.44439
2.51853
2.59698
2.67996
2.76772
2.8605
2.95856
3.06216
3.17158
3.28709
3.40898
3.53754
3.67308
3.8159
3.96631
4.12463
4.29117
4.46627
4.65024
4.84341
5.0461
5.25864
5.48134
5.71453
5.9585
6.21357
6.48002
6.75815
7.04822
7.35049
7.6652
7.99258
8.33284
8.68617
