98.1491
97.9986
97.8433
97.6842
97.5209
97.353
97.1803
97.0025
96.8194
96.6306
96.436
96.2354
96.0286
95.8153
95.5953
95.3685
95.1346
94.8935
94.6449
94.3887
94.1247
93.8526
93.5722
93.2835
92.9861
92.6799
92.3646
92.0402
91.7063
91.3628
91.0094
90.6461
90.2726
89.8887
89.4942
89.089
88.6728
88.2455
87.807
87.357
86.8954
86.4221
85.9368
85.4396
84.9302
84.4085
83.8744
83.3278
82.7687
82.1969
81.6125
81.0153
80.4053
79.7825
79.147
78.4987
77.8376
77.1639
76.4775
75.7786
75.0673
74.3437
73.608
72.8604
72.1009
71.33
70.5477
69.7543
68.9502
68.1356
67.3109
66.4764
65.6325
64.7796
63.918
63.0482
62.1708
61.286
60.3945
59.4968
58.5932
57.6845
56.7711
55.8536
54.9326
54.0087
53.0823
52.1543
51.225
50.2952
49.3655
48.4364
47.5086
46.5826
45.6591
44.7387
43.8218
42.9092
42.0013
41.0987
40.2019
39.3115
38.4279
37.5517
1
1.0487
1.09736
1.14507
1.19229
1.23936
1.28659
1.3342
1.38242
1.4314
1.48129
1.53222
1.58427
1.63755
1.69212
1.74806
1.80543
1.86427
1.92464
1.98658
2.05013
2.11532
2.18219
2.25076
2.32106
2.39312
2.46696
2.5426
2.62006
2.69934
2.78047
2.86346
2.9483
3.035
3.12358
3.21401
3.3063
3.40043
3.49641
3.59419
3.69377
3.79513
3.89822
4.00301
4.10947
4.21755
4.32719
4.43834
4.55095
4.66493
4.78022
4.89674
5.0144
5.13311
5.25276
5.37326
5.49449
5.61632
5.73865
5.86132
5.98421
6.10717
6.23005
6.35269
6.47494
6.59661
6.71754
6.83756
6.95647
7.0741
7.19025
7.30473
7.41735
7.52791
7.63622
7.74207
7.84526
7.9456
8.0429
8.13696
8.22759
8.31461
8.39783
8.47708
8.55219
8.62299
8.68934
8.75109
8.80809
8.86023
8.90739
8.94945
8.98634
9.01796
9.04425
9.06515
9.08062
9.09064
9.09517
9.09423
9.08782
9.07597
9.05872
9.03612
1
1.00856
1.02094
1.0368
1.05575
1.07749
1.10177
1.1284
1.1572
1.18807
1.22088
1.25557
1.29206
1.33032
1.37029
1.41197
1.45532
1.50034
1.54702
1.59537
1.64538
1.69706
1.75042
1.80548
1.86224
1.92072
1.98094
2.0429
2.10663
2.17215
2.23947
2.3086
2.37956
2.45236
2.52703
2.60356
2.68197
2.76228
2.84448
2.92858
3.01458
3.10249
3.1923
3.28401
3.37761
3.47308
3.57041
3.66959
3.77058
3.87336
3.97791
4.08418
4.19213
4.30172
4.4129
4.52561
4.63979
4.75538
4.87229
4.99046
5.1098
5.23021
5.35161
5.47388
5.59693
5.72063
5.84487
5.96952
6.09445
6.21952
6.34458
6.46949
6.5941
6.71823
6.84174
6.96445
7.0862
7.2068
7.32607
7.44384
7.55993
7.67414
7.7863
7.89621
8.0037
8.10857
8.21064
8.30973
8.40567
8.49826
8.58736
8.67277
8.75436
8.83195
8.90541
8.97458
9.03934
9.09956
9.15513
9.20593
9.25187
9.29287
9.32885
9.35974
0
0.0888659
0.172506
0.251605
0.326768
0.398527
0.467354
0.533666
0.59784
0.660209
0.721077
0.780716
0.839373
0.897276
0.95463
1.01162
1.06843
1.12522
1.18213
1.2393
1.29686
1.35494
1.41364
1.47308
1.53334
1.59453
1.65674
1.72004
1.78452
1.85025
1.91731
1.98576
2.05567
2.12709
2.2001
2.27474
2.35106
2.42913
2.50897
2.59065
2.67419
2.75964
2.84704
2.93642
3.0278
3.12122
3.21671
3.31427
3.41393
3.51571
3.61961
3.72564
3.83381
3.94411
4.05654
4.17109
4.28775
4.40649
4.5273
4.65014
4.77497
4.90178
5.03049
5.16108
5.29347
5.42761
5.56343
5.70086
5.83981
5.98019
6.12192
6.2649
6.40901
6.55414
6.70018
6.847
6.99446
7.14243
7.29076
7.43931
7.58791
7.73641
7.88464
8.03243
8.1796
8.32596
8.47135
8.61556
8.75841
8.8997
9.03925
9.17685
9.3123
9.44541
9.57598
9.70382
9.82872
9.9505
10.069
10.1839
10.2952
10.4026
10.506
10.6051
0
0.00251326
0.00966502
0.0209275
0.035838
0.0539909
0.0750309
0.098647
0.124567
0.152555
0.182404
0.213935
0.246994
0.281448
0.317183
0.354104
0.392129
0.431192
0.471237
0.512222
0.554111
0.596881
0.640513
0.684998
0.730331
0.776515
0.823555
0.871463
0.920254
0.969947
1.02056
1.07212
1.12466
1.17819
1.23276
1.2884
1.34513
1.40299
1.46201
1.52224
1.5837
1.64644
1.71049
1.77588
1.84266
1.91085
1.98049
2.05162
2.12426
2.19846
2.27425
2.35164
2.43068
2.51139
2.59379
2.67791
2.76378
2.8514
2.9408
3.03199
3.12498
3.21979
3.31642
3.41488
3.51516
3.61726
3.72118
3.82691
3.93443
4.04372
4.15477
4.26755
4.38203
4.49817
4.61594
4.73529
4.85617
4.97853
5.10231
5.22745
5.35389
5.48154
5.61033
5.74018
5.871
6.00269
6.13516
6.26831
6.40202
6.53619
6.67069
6.80541
6.94023
7.075
7.2096
7.34389
7.47774
7.61099
7.7435
7.87513
8.00572
8.13513
8.26319
8.38976
0
4.24498e-05
0.000320163
0.00101799
0.00227479
0.00419185
0.00683995
0.0102653
0.0144945
0.0195385
0.0253963
0.0320576
0.0395053
0.0477172
0.056668
0.0663299
0.0766745
0.0876729
0.0992969
0.111519
0.124313
0.137655
0.151523
0.165895
0.180754
0.196083
0.211868
0.228097
0.24476
0.261849
0.279358
0.297283
0.315621
0.334372
0.353536
0.373115
0.393113
0.413535
0.434386
0.455673
0.477404
0.499587
0.522233
0.54535
0.568949
0.593042
0.61764
0.642754
0.668397
0.694581
0.721319
0.748622
0.776503
0.804974
0.834048
0.863736
0.894049
0.924999
0.956597
0.988853
1.02178
1.05538
1.08966
1.12464
1.16032
1.1967
1.23379
1.2716
1.31013
1.34938
1.38934
1.43003
1.47144
1.51356
1.55639
1.59993
1.64416
1.68908
1.73468
1.78094
1.82785
1.8754
1.92356
1.97232
2.02166
2.07154
2.12196
2.17288
2.22426
2.27609
2.32832
2.38093
2.43387
2.48711
2.54061
2.59432
2.6482
2.7022
2.75628
2.8104
2.86449
2.9185
2.97239
3.02611
0
0.00182716
0.0049643
0.00936693
0.0149972
0.0218233
0.0298184
0.0389603
0.0492312
0.0606168
0.0731065
0.0866925
0.10137
0.117137
0.133994
0.151943
0.17099
0.19114
0.212404
0.23479
0.258313
0.282985
0.308822
0.335842
0.364063
0.393505
0.424189
0.456137
0.489375
0.523927
0.559819
0.59708
0.635737
0.67582
0.717361
0.760392
0.804944
0.851052
0.89875
0.948075
0.999062
1.05175
1.10617
1.16237
1.22039
1.28026
1.34203
1.40574
1.47142
1.53913
1.6089
1.68077
1.75479
1.831
1.90945
1.99017
2.07321
2.15862
2.24643
2.33668
2.42942
2.52469
2.62253
2.72297
2.82606
2.93184
3.04033
3.15159
3.26563
3.38249
3.5022
3.6248
3.7503
3.87874
4.01013
4.1445
4.28187
4.42225
4.56565
4.7121
4.86158
5.01412
5.1697
5.32834
5.49002
5.65474
5.82249
5.99324
6.16699
6.34371
6.52338
6.70596
6.89143
7.07974
7.27085
7.46473
7.66131
7.86056
8.06241
8.2668
8.47366
8.68294
8.89457
9.10845
0
4.43346e-06
3.45506e-05
0.000113604
0.000262462
0.00049988
0.000842732
0.00130623
0.0019041
0.00264877
0.00355153
0.00462264
0.00587147
0.00730663
0.00893606
0.0107671
0.0128066
0.015061
0.0175363
0.0202385
0.0231729
0.026345
0.02976
0.0334231
0.0373392
0.0415134
0.0459509
0.0506565
0.0556355
0.0608931
0.0664346
0.0722653
0.0783908
0.0848168
0.0915492
0.0985938
0.105957
0.113645
0.121664
0.130022
0.138724
0.147779
0.157193
0.166974
0.17713
0.187668
0.198598
0.209926
0.221662
0.233814
0.246392
0.259403
0.272858
0.286766
0.301137
0.315979
0.331304
0.34712
0.363438
0.380268
0.397621
0.415506
0.433934
0.452915
0.47246
0.49258
0.513283
0.534582
0.556486
0.579006
0.602151
0.625931
0.650357
0.675439
0.701185
0.727605
0.754708
0.782502
0.810997
0.8402
0.870119
0.900761
0.932134
0.964244
0.997096
1.0307
1.06505
1.10016
1.13604
1.17268
1.21008
1.24826
1.2872
1.32692
1.36741
1.40867
1.4507
1.49349
1.53705
1.58136
1.62643
1.67224
1.7188
1.76609
0
1.43582e-08
2.09409e-07
1.00632e-06
3.03067e-06
7.05955e-06
1.39786e-05
2.4747e-05
4.03697e-05
6.1875e-05
9.02974e-05
0.000126664
0.000171983
0.000227241
0.000293389
0.000371349
0.000462005
0.000566204
0.000684759
0.000818445
0.000968005
0.00113415
0.00131756
0.00151889
0.00173876
0.00197779
0.00223656
0.00251564
0.00281558
0.00313695
0.00348026
0.00384605
0.00423486
0.00464719
0.00508357
0.00554454
0.00603061
0.00654233
0.00708023
0.00764486
0.00823679
0.00885657
0.0095048
0.0101821
0.0108889
0.0116261
0.0123941
0.0131937
0.0140255
0.0148901
0.0157884
0.0167209
0.0176884
0.0186917
0.0197315
0.0208085
0.0219237
0.0230776
0.0242713
0.0255055
0.026781
0.0280988
0.0294596
0.0308643
0.0323139
0.0338092
0.0353511
0.0369405
0.0385784
0.0402656
0.042003
0.0437916
0.0456323
0.047526
0.0494736
0.051476
0.0535341
0.0556487
0.0578208
0.0600511
0.0623406
0.06469
0.0671001
0.0695717
0.0721055
0.0747023
0.0773627
0.0800875
0.0828771
0.0857322
0.0886533
0.091641
0.0946956
0.0978176
0.101007
0.104265
0.107591
0.110985
0.114449
0.11798
0.12158
0.125249
0.128987
0.132792
