3714.87
3714.7
3714.52
3714.33
3714.13
3713.93
3713.71
3713.48
3713.23
3712.98
3712.71
3712.42
3712.12
3711.81
3711.47
3711.12
3710.74
3710.35
3709.93
3709.49
3709.03
3708.54
3708.02
3707.47
3706.89
3706.28
3705.63
3704.94
3704.22
3703.46
3702.65
3701.8
3700.9
3699.95
3698.94
3697.88
3696.76
3695.57
3694.32
3693
3691.6
3690.12
3688.56
3686.91
3685.17
3683.34
3681.39
3679.34
3677.18
3674.89
3672.48
3669.93
3667.24
3664.4
3661.4
3658.24
3654.9
3651.37
3647.65
3643.73
3639.59
3635.22
3630.62
3625.76
3620.64
3615.24
3609.55
3603.55
3597.22
3590.56
3583.54
3576.15
3568.37
3560.17
3551.55
3542.48
3532.93
3522.89
3512.33
3501.23
3489.57
3477.32
3464.46
3450.95
3436.78
3421.92
3406.34
3390.01
3372.9
3354.99
3336.25
3316.64
3296.15
3274.74
3252.39
3229.06
3204.74
3179.4
3153.01
3125.56
3097.02
3067.37
3036.6
3004.7
1.02072
1.08642
1.15572
1.22624
1.29866
1.37358
1.45152
1.53295
1.61831
1.70803
1.80249
1.90209
2.00721
2.11824
2.23557
2.35959
2.49072
2.62938
2.77602
2.9311
3.09511
3.26855
3.45195
3.64588
3.85094
4.06773
4.29693
4.53922
4.79534
5.06604
5.35216
5.65453
5.97407
6.31173
6.66851
7.04547
7.44373
7.86445
8.30889
8.77834
9.27418
9.79785
10.3509
10.9349
11.5515
12.2026
12.8899
13.6155
14.3814
15.1897
16.0428
16.943
17.8928
18.8949
19.9519
21.0668
22.2425
23.4823
24.7894
26.1672
27.6194
29.1496
30.7619
32.4602
34.2488
36.1321
38.1146
40.2011
42.3965
44.7058
47.1343
49.6874
52.3706
55.1896
58.1503
61.2586
64.5207
67.9426
71.5308
75.2916
79.2314
83.3566
87.6736
92.1888
96.9085
101.839
106.986
112.355
117.953
123.783
129.851
136.161
142.717
149.522
156.578
163.887
171.449
179.263
187.329
195.643
204.201
212.998
222.026
231.277
1.00083
1.01203
1.02863
1.0504
1.07705
1.10835
1.14413
1.18433
1.22889
1.27782
1.33116
1.389
1.45144
1.51862
1.59069
1.66783
1.75026
1.8382
1.9319
2.03162
2.13765
2.25032
2.36995
2.49689
2.63153
2.77427
2.92554
3.0858
3.25551
3.43521
3.62542
3.82671
4.0397
4.26502
4.50334
4.75538
5.0219
5.30368
5.60157
5.91646
6.24927
6.601
6.97267
7.3654
7.78033
8.21868
8.68173
9.17083
9.6874
10.2329
10.809
11.4173
12.0595
12.7374
13.4531
14.2084
15.0056
15.8468
16.7344
17.6708
18.6585
19.7004
20.7991
21.9576
23.179
24.4665
25.8234
27.2532
28.7597
30.3465
32.0176
33.7771
35.6293
37.5785
39.6294
41.7866
44.0551
46.4399
48.9461
51.5791
54.3443
57.2473
60.2938
63.4895
66.8405
70.3525
74.0316
77.8838
81.9152
86.1317
90.5393
95.1438
99.9509
104.966
110.195
115.641
121.311
127.208
133.336
139.698
146.297
153.134
160.211
167.528
0
0.0927585
0.184376
0.275371
0.366224
0.457375
0.549237
0.642203
0.736646
0.832932
0.931416
1.03245
1.13639
1.24359
1.3544
1.4692
1.58835
1.71224
1.84127
1.97584
2.11637
2.26332
2.41713
2.57828
2.74728
2.92465
3.11094
3.30671
3.51258
3.72918
3.95716
4.19723
4.45012
4.71661
4.9975
5.29366
5.60597
5.9354
6.28293
6.64963
7.0366
7.445
7.87608
8.33113
8.81151
9.31866
9.85411
10.4195
11.0164
11.6467
12.3122
13.0149
13.7568
14.5403
15.3675
16.2409
17.163
18.1365
19.1643
20.2493
21.3946
22.6036
23.8796
25.2263
26.6475
28.1472
29.7296
31.3992
33.1604
35.0182
36.9776
39.0439
41.2227
43.5198
45.9412
48.4934
51.1828
54.0164
57.0015
60.1454
63.456
66.9413
70.6099
74.4702
78.5315
82.803
87.2943
92.0155
96.9766
102.188
107.661
113.407
119.436
125.76
132.392
139.342
146.623
154.247
162.226
170.572
179.298
188.415
197.935
207.87
0
0.000910395
0.0036195
0.00810216
0.0143431
0.0223361
0.0320832
0.0435946
0.0568875
0.0719867
0.0889237
0.107737
0.128471
0.151178
0.175916
0.202751
0.231755
0.263007
0.296594
0.33261
0.371156
0.412343
0.456289
0.50312
0.552972
0.60599
0.66233
0.722156
0.785644
0.852983
0.924371
1.00002
1.08015
1.16501
1.25485
1.34993
1.45054
1.55697
1.66956
1.78863
1.91455
2.04768
2.18844
2.33723
2.49452
2.66076
2.83647
3.02216
3.21839
3.42575
3.64487
3.8764
4.12102
4.37949
4.65255
4.94104
5.2458
5.56776
5.90786
6.26711
6.64658
7.04739
7.47073
7.91784
8.39003
8.8887
9.4153
9.97137
10.5585
11.1785
11.833
12.524
13.2534
14.0234
14.8361
15.6939
16.5991
17.5543
18.5622
19.6255
20.7473
21.9306
23.1785
24.4946
25.8823
27.3454
28.8876
30.5132
32.2262
34.0311
35.9325
37.9352
40.0442
42.2646
44.6019
47.0617
49.6498
52.3722
55.2351
58.2449
61.4084
64.7324
68.224
71.8903
0
6.03848e-07
4.71736e-06
1.55519e-05
3.60342e-05
6.88468e-05
0.000116463
0.00018118
0.000265145
0.000370384
0.000498822
0.000652304
0.000832617
0.00104151
0.00128069
0.00155187
0.00185677
0.00219711
0.00257465
0.00299118
0.00344858
0.00394874
0.00449367
0.00508544
0.00572623
0.00641833
0.00716414
0.00796619
0.00882715
0.00974984
0.0107372
0.0117925
0.012919
0.0141202
0.0153999
0.016762
0.0182108
0.0197507
0.0213864
0.023123
0.0249656
0.0269199
0.0289918
0.0311876
0.033514
0.0359779
0.0385869
0.0413487
0.0442717
0.0473648
0.0506372
0.0540988
0.05776
0.0616317
0.0657257
0.0700542
0.0746301
0.0794673
0.0845801
0.0899838
0.0956947
0.10173
0.108107
0.114845
0.121964
0.129486
0.137432
0.145827
0.154694
0.16406
0.173952
0.184401
0.195435
0.207087
0.219392
0.232385
0.246103
0.260586
0.275876
0.292017
0.309054
0.327036
0.346013
0.366039
0.387171
0.409466
0.432987
0.457799
0.483968
0.511567
0.540669
0.571353
0.6037
0.637795
0.673727
0.711589
0.751479
0.793496
0.837746
0.88434
0.93339
0.985016
1.03934
1.09649
0
0.000491876
0.00162468
0.00339783
0.0058142
0.00887991
0.0126041
0.0169987
0.0220785
0.0278609
0.0343661
0.0416166
0.0496378
0.0584576
0.0681068
0.0786186
0.0900293
0.102378
0.115707
0.130061
0.145489
0.162043
0.179777
0.198752
0.219029
0.240676
0.263764
0.288368
0.314568
0.34245
0.372104
0.403625
0.437115
0.472681
0.510437
0.550503
0.593007
0.638083
0.685874
0.73653
0.790211
0.847086
0.907332
0.971138
1.0387
1.11024
1.18596
1.26612
1.35094
1.44071
1.53568
1.63616
1.74246
1.85489
1.9738
2.09956
2.23255
2.37317
2.52184
2.67903
2.84519
3.02083
3.20649
3.4027
3.61007
3.8292
4.06075
4.3054
4.56388
4.83695
5.12539
5.43007
5.75186
6.0917
6.45057
6.8295
7.22957
7.65193
8.09777
8.56834
9.06498
9.58905
10.142
10.7254
11.3408
11.9899
12.6744
13.3961
14.1571
14.9592
15.8045
16.6953
17.6338
18.6224
19.6635
20.7598
21.9138
23.1283
24.4062
25.7506
27.1644
28.6508
30.2132
31.855
0
7.4247e-07
5.96528e-06
2.0222e-05
4.8156e-05
9.45117e-05
0.000164145
0.000262035
0.000393294
0.000563179
0.000777106
0.00104066
0.00135961
0.00173991
0.00218775
0.00270953
0.00331189
0.00400175
0.00478628
0.00567299
0.00666968
0.00778448
0.00902593
0.0104029
0.0119247
0.0136012
0.0154424
0.0174593
0.0196629
0.0220651
0.0246784
0.0275158
0.030591
0.0339185
0.0375135
0.0413919
0.0455706
0.0500675
0.0549011
0.0600914
0.0656589
0.0716258
0.0780151
0.0848512
0.09216
0.0999685
0.108305
0.117201
0.126687
0.136798
0.147569
0.159037
0.171242
0.184227
0.198034
0.212712
0.228309
0.244877
0.26247
0.281148
0.300971
0.322004
0.344315
0.367975
0.393061
0.419653
0.447835
0.477697
0.509332
0.54284
0.578325
0.615899
0.655677
0.697782
0.742344
0.789499
0.839392
0.892173
0.948003
1.00705
1.06949
1.13551
1.20531
1.27909
1.35708
1.4395
1.52659
1.6186
1.71581
1.81849
1.92694
2.04146
2.16238
2.29005
2.42481
2.56705
2.71715
2.87553
3.04262
3.21887
3.40475
3.60076
3.80742
4.02525
0
1.28474e-08
1.97995e-07
9.81786e-07
3.04479e-06
7.29991e-06
1.48736e-05
2.70899e-05
4.54571e-05
7.16561e-05
0.000107532
0.000155085
0.000216467
0.000293975
0.000390052
0.000507279
0.000648382
0.000816228
0.00101383
0.00124434
0.00151109
0.00181752
0.00216727
0.00256415
0.00301211
0.00351534
0.00407816
0.00470516
0.00540109
0.00617096
0.00702002
0.00795375
0.00897793
0.0100986
0.0113221
0.0126552
0.0141047
0.0156782
0.0173833
0.0192282
0.0212215
0.0233721
0.0256897
0.0281842
0.0308662
0.0337468
0.0368376
0.0401511
0.0437003
0.0474989
0.0515613
0.055903
0.0605399
0.065489
0.0707684
0.076397
0.0823947
0.0887826
0.095583
0.102819
0.110516
0.118701
0.127399
0.136641
0.146458
0.156882
0.167947
0.179689
0.192147
0.205361
0.219373
0.234229
0.249975
0.266661
0.284341
0.303069
0.322905
0.34391
0.366149
0.389691
0.414609
0.440978
0.468879
0.498398
0.529622
0.562647
0.597572
0.6345
0.673541
0.714812
0.758433
0.804532
0.853245
0.904712
0.959083
1.01651
1.07716
1.14121
1.20884
1.28023
1.35559
1.43512
1.51904
1.60758
