3328.22
3328.08
3327.93
3327.75
3327.57
3327.36
3327.15
3326.92
3326.67
3326.4
3326.12
3325.82
3325.51
3325.17
3324.81
3324.43
3324.03
3323.6
3323.15
3322.66
3322.15
3321.61
3321.03
3320.42
3319.77
3319.09
3318.36
3317.59
3316.77
3315.9
3314.97
3314
3312.96
3311.86
3310.69
3309.45
3308.14
3306.75
3305.28
3303.72
3302.06
3300.3
3298.44
3296.47
3294.38
3292.16
3289.81
3287.32
3284.69
3281.89
3278.94
3275.8
3272.48
3268.97
3265.24
3261.3
3257.13
3252.72
3248.04
3243.1
3237.86
3232.33
3226.48
3220.29
3213.74
3206.83
3199.52
3191.8
3183.64
3175.03
3165.94
3156.35
3146.23
3135.55
3124.3
3112.44
3099.95
3086.8
3072.95
3058.39
3043.08
3026.98
3010.07
2992.32
2973.7
2954.17
2933.71
2912.29
2889.87
2866.43
2841.94
2816.37
2789.71
2761.93
2733.01
2702.94
2671.7
2639.27
2605.66
2570.86
2534.88
2497.72
2459.38
2419.9
1.00006
0.970523
0.968471
0.980431
1.00409
1.03765
1.07976
1.12943
1.18599
1.24894
1.31799
1.39298
1.47387
1.56069
1.65357
1.75268
1.85825
1.97056
2.08995
2.21676
2.3514
2.49429
2.64591
2.80676
2.97736
3.1583
3.35019
3.55365
3.76939
3.99813
4.24064
4.49773
4.77027
5.05917
5.36538
5.68994
6.03391
6.39844
6.78472
7.19403
7.62769
8.08713
8.57383
9.08935
9.63536
10.2136
10.8258
11.4741
12.1603
12.8867
13.6555
14.4689
15.3295
16.2399
17.2026
18.2207
19.2969
20.4345
21.6365
22.9064
24.2475
25.6636
27.1584
28.7356
30.3995
32.154
34.0034
35.9521
38.0045
40.1653
42.439
44.8305
47.3443
49.9854
52.7585
55.6684
58.7199
61.9174
65.2656
68.7688
72.4311
76.2563
80.2479
84.4091
88.7424
93.2499
97.9333
102.793
107.83
113.042
118.427
123.984
129.708
135.592
141.632
147.818
154.14
160.588
167.149
173.806
180.544
187.345
194.188
201.05
1.00128
1.11557
1.22207
1.32467
1.42562
1.52672
1.62944
1.735
1.84445
1.95867
2.07846
2.20454
2.33758
2.47823
2.62711
2.78485
2.95208
3.12943
3.31758
3.5172
3.72903
3.9538
4.19232
4.44543
4.71399
4.99895
5.3013
5.62206
5.96236
6.32335
6.70627
7.11244
7.54324
8.00014
8.48469
8.99855
9.54344
10.1212
10.7338
11.3833
12.0719
12.8018
13.5755
14.3957
15.2649
16.1861
17.1623
18.1966
19.2926
20.4537
21.6837
22.9865
24.3664
25.8276
27.3748
29.0129
30.747
32.5825
34.5249
36.5802
38.7545
41.0544
43.4867
46.0585
48.7772
51.6505
54.6866
57.8938
61.2809
64.857
68.6316
72.6144
76.8155
81.2453
85.9146
90.8343
96.0158
101.471
107.211
113.247
119.594
126.261
133.262
140.609
148.314
156.389
164.846
173.696
182.95
192.619
202.712
213.238
224.206
235.622
247.491
259.817
272.604
285.852
299.559
313.722
328.334
343.388
358.873
374.773
0
0.0439887
0.0898505
0.137237
0.185942
0.235856
0.286942
0.339223
0.392766
0.447674
0.504079
0.562135
0.622017
0.683916
0.748037
0.814599
0.883834
0.955986
1.03131
1.11007
1.19256
1.27906
1.36988
1.46536
1.56582
1.67162
1.78314
1.90077
2.02492
2.15604
2.29457
2.44101
2.59586
2.75966
2.93299
3.11643
3.31062
3.51624
3.73398
3.9646
4.20888
4.46766
4.74181
5.03228
5.34004
5.66613
6.01166
6.37778
6.76571
7.17677
7.6123
8.07376
8.56267
9.08064
9.62936
10.2106
10.8263
11.4785
12.1691
12.9005
13.6749
14.4948
15.3628
16.2815
17.2538
18.2828
19.3714
20.523
21.7411
23.0291
24.3909
25.8305
27.3518
28.9592
30.6572
32.4503
34.3434
36.3414
38.4496
40.6733
43.018
45.4893
48.0932
50.8356
53.7227
56.7607
59.9561
63.3152
66.8446
70.5509
74.4407
78.5205
82.797
87.2765
91.9653
96.8695
101.995
107.347
112.932
118.754
124.816
131.124
137.68
144.486
0
0.00127721
0.00497752
0.0109042
0.0188687
0.0286967
0.0402305
0.0533315
0.0678804
0.0837772
0.100941
0.119308
0.138834
0.159487
0.181254
0.204133
0.228136
0.253287
0.279623
0.307189
0.336043
0.366249
0.397884
0.431032
0.465786
0.502248
0.540528
0.580746
0.623029
0.667515
0.714348
0.763685
0.81569
0.870538
0.928414
0.989516
1.05405
1.12224
1.19432
1.27052
1.35113
1.4364
1.52664
1.62214
1.72324
1.83028
1.94362
2.06365
2.19078
2.32543
2.46806
2.61915
2.7792
2.94876
3.12838
3.31866
3.52024
3.73378
3.95998
4.19957
4.45335
4.72213
5.00678
5.30821
5.62739
5.96532
6.32308
6.70177
7.10259
7.52676
7.97557
8.4504
8.95267
9.48386
10.0455
10.6394
11.267
11.9303
12.631
13.3712
14.1527
14.9778
15.8486
16.7673
17.7362
18.7578
19.8344
20.9688
22.1633
23.4208
24.744
26.1355
27.5982
29.135
30.7487
32.4423
34.2184
36.0801
38.0301
40.0712
42.206
44.4373
46.7673
49.1986
0
5.3854e-05
0.000416371
0.00135739
0.00310714
0.00585995
0.00977826
0.0149967
0.0216263
0.0297577
0.0394654
0.0508105
0.063844
0.078609
0.0951436
0.113482
0.133659
0.155707
0.179663
0.205564
0.233454
0.26338
0.295397
0.329564
0.36595
0.404631
0.445693
0.489228
0.535342
0.584149
0.635774
0.690353
0.748036
0.808982
0.873367
0.941377
1.01321
1.08909
1.16925
1.25393
1.3434
1.43794
1.53785
1.64346
1.7551
1.87314
1.99797
2.13
2.26966
2.41741
2.57374
2.73918
2.91426
3.09959
3.29576
3.50344
3.72331
3.95611
4.20261
4.46363
4.74003
5.03272
5.34267
5.6709
6.01849
6.38656
6.77633
7.18904
7.62604
8.08873
8.57858
9.09716
9.64611
10.2272
10.8421
11.4929
12.1814
12.9099
13.6806
14.4956
15.3576
16.2689
17.2323
18.2505
19.3264
20.463
21.6636
22.9312
24.2695
25.6817
27.1718
28.7433
30.4002
32.1467
33.9867
35.9246
37.9647
40.1115
42.3697
44.7437
47.2384
49.8585
52.6088
55.4941
0
0.00296816
0.00633491
0.0100918
0.0142383
0.0187788
0.0237226
0.0290824
0.0348743
0.0411173
0.047833
0.0550452
0.0627802
0.0710664
0.0799344
0.089417
0.0995493
0.110369
0.121915
0.134231
0.147361
0.161352
0.176256
0.192127
0.209021
0.226998
0.246124
0.266465
0.288095
0.311089
0.335528
0.361499
0.389093
0.418407
0.449542
0.482608
0.51772
0.554999
0.594576
0.636587
0.681177
0.728501
0.778721
0.832011
0.888552
0.94854
1.01218
1.07969
1.15129
1.22724
1.30779
1.39321
1.48379
1.57983
1.68167
1.78963
1.90408
2.0254
2.154
2.29029
2.43473
2.58778
2.74996
2.92179
3.10381
3.29663
3.50085
3.71712
3.94614
4.18862
4.44531
4.71701
5.00457
5.30885
5.63078
5.97132
6.33148
6.71233
7.11496
7.54054
7.99027
8.46542
8.96728
9.49724
10.0567
10.6472
11.2701
11.9272
12.6199
13.3501
14.1195
14.9298
15.7828
16.6805
17.6248
18.6176
19.6609
20.7567
21.9071
23.1141
24.3798
25.7062
27.0954
28.5494
0
5.77763e-07
4.70887e-06
1.61645e-05
3.88947e-05
7.69783e-05
0.000134585
0.000215947
0.000325341
0.000467073
0.000645474
0.000864898
0.00112973
0.00144437
0.00181327
0.00224095
0.00273196
0.00329097
0.00392271
0.00463205
0.00542399
0.0063037
0.0072765
0.00834794
0.00952378
0.01081
0.012213
0.0137392
0.0153957
0.0171896
0.0191287
0.0212211
0.0234752
0.0259001
0.0285053
0.031301
0.0342979
0.0375072
0.0409409
0.0446119
0.0485336
0.0527203
0.0571872
0.0619504
0.0670269
0.072435
0.0781938
0.0843237
0.0908463
0.0977846
0.105163
0.113007
0.121344
0.130203
0.139616
0.149613
0.160231
0.171505
0.183474
0.19618
0.209665
0.223976
0.239162
0.255273
0.272366
0.290497
0.309727
0.330122
0.351749
0.374681
0.398994
0.424769
0.45209
0.481049
0.51174
0.544264
0.578725
0.615236
0.653915
0.694884
0.738276
0.784227
0.832881
0.884392
0.938919
0.99663
1.0577
1.12232
1.19068
1.26298
1.33944
1.42028
1.50573
1.59604
1.69146
1.79227
1.89872
2.01112
2.12976
2.25496
2.38703
2.5263
2.67314
2.82788
0
1.98852e-08
3.02458e-07
1.48605e-06
4.56563e-06
1.08389e-05
2.18576e-05
3.93855e-05
6.53609e-05
0.000101866
0.0001511
0.000215359
0.000297019
0.000398522
0.000522369
0.000671112
0.000847351
0.00105373
0.00129296
0.00156778
0.001881
0.00223549
0.00263421
0.00308017
0.0035765
0.00412642
0.00473326
0.0054005
0.00613173
0.00693072
0.0078014
0.0087479
0.00977453
0.0108858
0.0120866
0.0133819
0.014777
0.0162776
0.0178895
0.0196191
0.021473
0.0234583
0.0255823
0.0278531
0.0302789
0.0328687
0.0356319
0.0385784
0.0417188
0.0450644
0.048627
0.0524193
0.0564547
0.0607473
0.0653123
0.0701655
0.0753239
0.0808055
0.0866291
0.0928151
0.0993846
0.10636
0.113766
0.121628
0.129972
0.138826
0.148222
0.15819
0.168766
0.179983
0.19188
0.204497
0.217876
0.232061
0.247101
0.263044
0.279942
0.297853
0.316833
0.336946
0.358255
0.380831
0.404744
0.430072
0.456895
0.485297
0.515368
0.547201
0.580893
0.616549
0.654277
0.694191
0.736409
0.781057
0.828265
0.878169
0.930914
0.986648
1.04553
1.10771
1.17337
1.24268
1.31583
1.393
