18361.7
18349.2
18333.4
18315.7
18296.2
18274.9
18251.9
18227.1
18200.6
18172.3
18142.1
18110.1
18076
18039.9
18001.6
17961.1
17918.2
17872.8
17824.9
17774.1
17720.5
17663.8
17604
17540.8
17474.1
17403.7
17329.5
17251.2
17168.7
17081.7
16990.1
16893.6
16792.1
16685.3
16573
16454.9
16330.9
16200.8
16064.2
15921
15770.9
15613.7
15449.3
15277.3
15097.6
14910.1
14714.5
14510.6
14298.4
14077.7
13848.4
13610.5
13363.9
13108.6
12844.6
12572.1
12291
12001.6
11704
11398.6
11085.6
10765.3
10438.2
10104.6
9765.23
9420.51
9071.08
8717.6
8360.8
8001.42
7640.26
7278.16
6915.96
6554.57
6194.87
5837.79
5484.24
5135.14
4791.4
4453.89
4123.48
3801
3487.26
3182.99
2888.91
2605.67
2333.88
2074.09
1826.8
1592.46
1371.49
1164.25
971.092
792.345
628.367
479.566
346.475
229.879
131.109
53.0305
41.575
-407.339
-395.265
-372.675
153.847
147.556
145.093
144.7
146.059
148.917
153.073
158.374
164.705
171.977
180.127
189.111
198.902
209.483
220.85
233.006
245.963
259.736
274.348
289.824
306.194
323.49
341.749
361.006
381.301
402.675
425.17
448.829
473.695
499.812
527.226
555.978
586.114
617.673
650.698
685.227
721.296
758.937
798.181
839.051
881.568
925.747
971.593
1019.11
1068.28
1119.09
1171.51
1225.51
1281.02
1337.98
1396.32
1455.92
1516.69
1578.49
1641.18
1704.58
1768.51
1832.76
1897.12
1961.33
2025.14
2088.26
2150.4
2211.24
2270.46
2327.72
2382.67
2434.96
2484.23
2530.13
2572.3
2610.41
2644.12
2673.11
2697.09
2715.79
2728.97
2736.41
2737.95
2733.43
2722.76
2705.88
2682.78
2653.47
2618.03
2576.55
2529.18
2476.09
2417.47
2353.57
2284.61
2210.83
2132.49
2049.8
1962.95
1872.03
1777.02
1677.68
1573.26
1461.66
1301.27
36164.5
31900
28129.6
62.2446
75.9224
88.077
99.1929
109.574
119.468
129.077
138.568
148.082
157.733
167.622
177.835
188.447
199.525
211.131
223.322
236.151
249.671
263.93
278.979
294.867
311.643
329.358
348.062
367.806
388.644
410.63
433.819
458.268
484.034
511.176
539.754
569.83
601.464
634.72
669.659
706.344
744.838
785.203
827.497
871.781
918.11
966.539
1017.12
1069.89
1124.9
1182.19
1241.77
1303.68
1367.92
1434.5
1503.41
1574.63
1648.12
1723.84
1801.72
1881.68
1963.63
2047.45
2133
2220.12
2308.64
2398.36
2489.05
2580.46
2672.33
2764.37
2856.26
2947.68
3038.27
3127.67
3215.48
3301.32
3384.78
3465.43
3542.87
3616.66
3686.4
3751.68
3812.08
3867.23
3916.76
3960.32
3997.59
4028.28
4052.13
4068.91
4078.42
4080.52
4075.08
4062.02
4041.29
4012.88
3976.81
3933.1
3881.83
3823.03
3756.75
3682.97
3601.54
3512.12
5746.23
9425.84
12358.3
71
74.5386
78.8811
83.9313
89.6197
95.8962
102.726
110.089
117.972
126.374
135.299
144.758
154.767
165.347
176.522
188.321
200.774
213.916
227.784
242.418
257.861
274.158
291.357
309.509
328.666
348.886
370.225
392.746
416.512
441.591
468.053
495.97
525.418
556.476
589.224
623.749
660.136
698.476
738.863
781.392
826.16
873.269
922.821
974.921
1029.67
1087.19
1147.57
1210.94
1277.39
1347.04
1419.99
1496.35
1576.22
1659.7
1746.89
1837.87
1932.74
2031.56
2134.41
2241.35
2352.41
2467.65
2587.08
2710.71
2838.54
2970.53
3106.65
3246.84
3391.02
3539.07
3690.88
3846.29
4005.13
4167.21
4332.3
4500.15
4670.5
4843.05
5017.48
5193.46
5370.61
5548.57
5726.94
5905.29
6083.2
6260.23
6435.92
6609.83
6781.48
6950.42
7116.18
7278.29
7436.31
7589.78
7738.25
7881.31
8018.53
8149.5
8273.81
8391.06
8500.82
8603.62
8983.52
9577.31
76
70.9088
66.277
62.0781
58.2864
54.8776
51.8289
49.1188
46.7272
44.6357
42.8273
41.2866
39.9994
38.9529
38.1359
37.5381
37.1506
36.9656
36.9765
37.1776
37.5644
38.133
38.8808
39.806
40.9074
42.1849
43.6391
45.2713
47.0835
49.0786
51.2599
53.6318
56.1989
58.9668
61.9416
65.1299
68.5392
72.1774
76.0531
80.1753
84.5538
89.1988
94.1211
99.3321
104.844
110.668
116.818
123.307
130.148
137.355
144.944
152.928
161.322
170.141
179.401
189.117
199.303
209.974
221.146
232.833
245.049
257.808
271.121
285.001
299.46
314.507
330.15
346.398
363.255
380.727
398.814
417.518
436.836
456.764
477.295
498.42
520.126
542.399
565.221
588.57
612.424
636.755
661.533
686.725
712.294
738.203
764.408
790.866
817.529
844.347
871.268
898.239
925.203
952.103
978.88
1005.47
1031.82
1057.87
1083.55
1108.79
1133.54
1157.74
1182.99
1212.84
19
15.99
13.5182
11.4844
9.80774
8.4228
7.27649
6.32584
5.53597
4.8786
4.33075
3.87372
3.49231
3.17414
2.9091
2.68894
2.50693
2.35757
2.23633
2.13954
2.06415
2.0077
1.96815
1.94386
1.93347
1.93589
1.95023
1.97581
2.01206
2.05856
2.11501
2.18119
2.25696
2.34226
2.4371
2.54153
2.65567
2.77968
2.91376
3.05816
3.21316
3.37908
3.55627
3.74511
3.94603
4.15946
4.38588
4.62578
4.8797
5.14817
5.43177
5.73109
6.04675
6.37936
6.72957
7.09803
7.48542
7.89241
8.31966
8.76788
9.23772
9.72986
10.245
10.7837
11.3466
11.9344
12.5475
13.1866
13.8521
14.5444
15.2639
16.011
16.7859
17.5887
18.4196
19.2785
20.1654
21.08
22.022
22.991
23.9865
25.0077
26.0539
27.1242
28.2174
29.3324
30.4678
31.6222
32.7939
33.9813
35.1824
36.3953
37.618
38.8481
40.0834
41.3215
42.5599
43.7961
45.0274
46.2511
47.4646
48.665
49.8546
51.0624
76
82.1443
88.0054
93.6126
98.9949
104.181
109.198
114.074
118.834
123.504
128.108
132.67
137.214
141.762
146.337
150.959
155.651
160.434
165.328
170.355
175.536
180.892
186.443
192.212
198.219
204.488
211.041
217.902
225.093
232.639
240.567
248.901
257.668
266.897
276.616
286.855
297.646
309.019
321.008
333.648
346.975
361.025
375.837
391.45
407.906
425.246
443.514
462.756
483.018
504.347
526.793
550.404
575.233
601.332
628.753
657.551
687.78
719.495
752.753
787.609
824.118
862.338
902.322
944.126
987.804
1033.41
1080.99
1130.6
1182.28
1236.09
1292.06
1350.23
1410.64
1473.33
1538.32
1605.64
1675.31
1747.35
1821.77
1898.58
1977.79
2059.38
2143.35
2229.69
2318.39
2409.41
2502.73
2598.31
2696.12
2796.11
2898.22
3002.42
3108.63
3216.79
3326.83
3438.69
3552.27
3667.5
3784.29
3902.55
4022.18
4143.16
4296.77
4477.16
76
81.5419
86.7013
91.5156
96.0196
100.245
104.222
107.979
111.54
114.93
118.172
121.286
124.293
127.211
130.059
132.852
135.607
138.34
141.065
143.797
146.549
149.336
152.17
155.065
158.034
161.091
164.247
167.516
170.911
174.446
178.134
181.989
186.025
190.257
194.7
199.37
204.281
209.451
214.898
220.638
226.69
233.073
239.808
246.916
254.417
262.334
270.692
279.514
288.825
298.653
309.024
319.968
331.513
343.69
356.532
370.072
384.342
399.379
415.218
431.898
449.456
467.932
487.365
507.799
529.274
551.833
575.52
600.379
626.455
653.793
682.438
712.435
743.831
776.668
810.994
846.85
884.281
923.33
964.036
1006.44
1050.58
1096.49
1144.21
1193.76
1245.19
1298.5
1353.73
1410.9
1470.03
1531.12
1594.18
1659.23
1726.27
1795.28
1866.28
1939.23
2014.14
2090.97
2169.7
2250.31
2332.76
2417.02
2503.07
2591.13
6
8.07787
9.83039
11.3155
12.5803
13.6634
14.5962
15.4045
16.1095
16.7285
17.276
17.7638
18.2018
18.5982
18.96
19.293
19.6021
19.8915
20.1648
20.4252
20.6753
20.9176
21.1542
21.3871
21.6179
21.8482
22.0795
22.3132
22.5506
22.7929
23.0414
23.2971
23.5614
23.8352
24.1197
24.4161
24.7255
25.0491
25.3881
25.7436
26.117
26.5095
26.9224
27.3571
27.8151
28.2977
28.8064
29.343
29.9089
30.506
31.1359
31.8006
32.5018
33.2417
34.0222
34.8455
35.7138
36.6294
37.5947
38.6122
39.6843
40.8136
42.003
43.2551
44.5728
45.959
47.4168
48.9491
50.5591
52.25
54.0249
55.8872
57.8401
59.887
62.0312
64.276
66.6248
69.0809
71.6475
74.328
77.1254
80.043
83.0837
86.2505
89.5461
92.9732
96.5344
100.232
104.068
108.045
112.164
116.426
120.834
125.388
130.088
134.936
139.932
145.075
150.365
155.801
161.382
167.107
172.975
178.984
