6020.92
6020.73
6020.05
6019.09
6017.89
6016.46
6014.82
6012.98
6010.95
6008.73
6006.31
6003.71
6000.92
5997.93
5994.74
5991.33
5987.71
5983.86
5979.77
5975.42
5970.81
5965.93
5960.74
5955.25
5949.43
5943.26
5936.73
5929.81
5922.48
5914.71
5906.5
5897.8
5888.59
5878.84
5868.53
5857.62
5846.07
5833.87
5820.96
5807.31
5792.88
5777.64
5761.53
5744.52
5726.56
5707.6
5687.59
5666.48
5644.22
5620.76
5596.03
5569.99
5542.57
5513.72
5483.37
5451.46
5417.94
5382.73
5345.79
5307.04
5266.43
5223.9
5179.38
5132.83
5084.2
5033.42
4980.46
4925.27
4867.81
4808.06
4745.99
4681.59
4614.84
4545.74
4474.3
4400.54
4324.49
4246.19
4165.7
4083.07
3998.39
3911.74
3823.23
3732.97
3641.1
3547.76
3453.09
3357.27
3260.47
3162.87
3064.67
2966.06
2867.25
2768.45
2669.87
2571.72
2474.2
2377.53
2281.91
2187.52
2094.56
2003.2
1913.61
1825.93
24.2615
22.096
20.6152
19.5331
18.7883
18.3298
18.1162
18.114
18.2963
18.6416
19.1329
19.7569
20.5035
21.3651
22.3363
23.4136
24.595
25.8797
27.2682
28.7621
30.3636
32.0758
33.9025
35.8481
37.9177
40.1169
42.4516
44.9286
47.5548
50.3379
53.2857
56.4067
59.71
63.2047
66.9007
70.8083
74.9381
79.3012
83.9092
88.7741
93.9082
99.3243
105.035
111.055
117.397
124.076
131.105
138.5
146.274
154.443
163.021
172.022
181.462
191.353
201.71
212.545
223.871
235.698
248.037
260.897
274.284
288.204
302.661
317.656
333.187
349.249
365.836
382.936
400.535
418.614
437.149
456.114
475.475
495.195
515.232
535.535
556.053
576.725
597.487
618.268
638.992
659.58
679.945
699.999
719.649
738.799
757.353
775.21
792.272
808.44
823.618
837.712
850.632
862.293
872.618
881.534
888.981
894.903
899.257
902.01
903.141
902.639
900.504
896.751
1
3.23288
5.15879
6.85111
8.35915
9.72392
10.9796
12.1548
13.2734
14.3558
15.4192
16.4785
17.5464
18.6342
19.7519
20.9084
22.1119
23.3701
24.6901
26.0788
27.5429
29.0889
30.7235
32.4531
34.2844
36.2244
38.2801
40.4586
42.7676
45.2148
47.8085
50.5571
53.4696
56.5552
59.8238
63.2854
66.9508
70.831
74.9377
79.283
83.8796
88.7406
93.8799
99.3116
105.051
111.113
117.513
124.269
131.396
138.913
146.838
155.188
163.983
173.242
182.985
193.229
203.997
215.307
227.179
239.633
252.688
266.363
280.676
295.645
311.286
327.614
344.643
362.385
380.85
400.047
419.98
440.653
462.064
484.21
507.084
530.672
554.96
579.925
605.544
631.783
658.607
685.973
713.834
742.135
770.816
799.812
829.05
858.453
887.937
917.416
946.795
975.979
1004.87
1033.35
1061.33
1088.7
1115.34
1141.15
1166.03
1189.87
1212.56
1234.02
1254.14
1272.85
1
1.11476
1.34292
1.66945
2.08261
2.57319
3.13406
3.75981
4.44651
5.19144
5.99292
6.85016
7.76312
8.7324
9.75923
10.8453
11.9928
13.2043
14.4829
15.8319
17.255
18.7564
20.3405
22.012
23.7762
25.6385
27.6047
29.6811
31.8743
34.1913
36.6396
39.227
41.9618
44.8529
47.9096
51.1416
54.5593
58.1736
61.9961
66.0388
70.3146
74.8369
79.6197
84.6781
90.0276
95.6846
101.666
107.991
114.677
121.745
129.215
137.108
145.448
154.259
163.563
173.388
183.76
194.705
206.254
218.435
231.279
244.817
259.082
274.107
289.927
306.575
324.088
342.503
361.854
382.181
403.519
425.907
449.381
473.98
499.739
526.695
554.883
584.337
615.089
647.171
680.612
715.439
751.675
789.342
828.459
869.04
911.096
954.633
999.654
1046.16
1094.13
1143.57
1194.45
1246.75
1300.45
1355.49
1411.86
1469.49
1528.33
1588.34
1649.44
1711.56
1774.64
1838.59
2
1.8677
1.74461
1.63029
1.52433
1.42632
1.33587
1.25258
1.1761
1.10608
1.04219
0.984121
0.931589
0.884325
0.842079
0.804624
0.77175
0.743264
0.718994
0.698784
0.682495
0.670005
0.661208
0.656013
0.654345
0.656144
0.661364
0.669974
0.681956
0.697306
0.716034
0.738164
0.763733
0.79279
0.8254
0.861638
0.901596
0.945378
0.993102
1.0449
1.10091
1.16131
1.22626
1.29596
1.3706
1.45042
1.53565
1.62655
1.72338
1.82644
1.93602
2.05247
2.17612
2.30734
2.44651
2.59404
2.75035
2.91589
3.09113
3.27657
3.47271
3.68009
3.89928
4.13085
4.37542
4.63362
4.90609
5.19351
5.49658
5.81603
6.15258
6.50699
6.88006
7.27256
7.68531
8.11913
8.57485
9.05332
9.55538
10.0819
10.6337
11.2116
11.8165
12.4491
13.1104
13.801
14.5217
15.2732
16.0562
16.8714
17.7193
18.6004
19.5151
20.464
21.4472
22.4651
23.5177
24.6052
25.7274
26.8843
28.0756
29.301
30.5599
31.8519
0
0.00735289
0.0138302
0.0195127
0.024475
0.0287863
0.0325107
0.0357073
0.0384307
0.0407311
0.042655
0.044245
0.0455404
0.0465775
0.0473894
0.0480069
0.0484579
0.0487683
0.0489621
0.0490611
0.0490855
0.049054
0.0489837
0.0488907
0.0487896
0.0486942
0.0486172
0.0485708
0.048566
0.0486135
0.0487234
0.0489053
0.0491683
0.0495213
0.049973
0.0505317
0.0512058
0.0520035
0.0529329
0.0540025
0.0552205
0.0565953
0.0581358
0.0598507
0.0617493
0.0638411
0.0661359
0.0686442
0.0713766
0.0743443
0.0775592
0.0810337
0.0847807
0.0888139
0.0931475
0.0977968
0.102778
0.108107
0.113801
0.11988
0.126363
0.133269
0.140621
0.14844
0.15675
0.165577
0.174944
0.184881
0.195413
0.206572
0.218387
0.230889
0.244113
0.258092
0.272862
0.288459
0.304921
0.322288
0.340599
0.359896
0.380221
0.401618
0.42413
0.447803
0.472683
0.498815
0.526246
0.555024
0.585195
0.616807
0.649907
0.684541
0.720756
0.758595
0.798105
0.839326
0.882301
0.927069
0.973667
1.02213
1.07249
1.12478
1.17902
1.23524
2
2.13367
2.26488
2.3936
2.51991
2.644
2.7661
2.88649
3.0055
3.1235
3.24087
3.35801
3.47536
3.59335
3.71244
3.8331
3.9558
4.08103
4.20929
4.3411
4.47698
4.61747
4.76312
4.91451
5.07222
5.23687
5.40909
5.58953
5.77887
5.97781
6.18711
6.40752
6.63984
6.88492
7.14364
7.41692
7.70572
8.01105
8.33397
8.67561
9.03712
9.41974
9.82476
10.2535
10.7075
11.1881
11.697
12.2358
12.8062
13.4101
14.0493
14.7258
15.4418
16.1995
17.0011
17.849
18.7458
19.6941
20.6966
21.7561
22.8757
24.0584
25.3074
26.6261
28.018
29.4866
31.0355
32.6688
34.3902
36.2038
38.1138
40.1244
42.2401
44.4652
46.8044
49.2621
51.8431
54.552
57.3937
60.3729
63.4944
66.7629
70.1831
73.7599
77.4977
81.401
85.4744
89.7221
94.1482
98.7567
103.551
108.535
113.713
119.086
124.658
130.431
136.408
142.589
148.978
155.575
162.38
169.394
176.618
184.051
2
2.12694
2.24586
2.35732
2.46184
2.55991
2.65201
2.7386
2.8201
2.89693
2.96949
3.03814
3.10323
3.16512
3.22412
3.28055
3.3347
3.38686
3.4373
3.4863
3.5341
3.58096
3.62712
3.67281
3.71828
3.76374
3.80943
3.85558
3.90239
3.9501
3.99894
4.04912
4.10087
4.15443
4.21004
4.26792
4.32834
4.39154
4.45778
4.52734
4.60048
4.67751
4.75873
4.84444
4.93498
5.03068
5.1319
5.23903
5.35244
5.47254
5.59978
5.7346
5.87748
6.02891
6.18942
6.35955
6.5399
6.73106
6.93367
7.14841
7.37599
7.61713
7.87263
8.14329
8.42997
8.73358
9.05505
9.39537
9.75557
10.1367
10.54
10.9666
11.4176
11.8945
12.3984
12.931
13.4935
14.0875
14.7145
15.3763
16.0744
16.8107
17.5868
18.4047
19.2663
20.1735
21.1284
22.1329
23.1893
24.2997
25.4663
26.6913
27.977
29.3257
30.7398
32.2216
33.7734
35.3976
37.0967
38.8729
40.7286
42.6663
44.6881
46.7965
0
9.91027e-05
0.000380624
0.000822523
0.00140481
0.00210939
0.00291993
0.00382173
0.00480157
0.00584764
0.00694938
0.00809743
0.00928349
0.0105003
0.0117414
0.0130013
0.0142753
0.0155593
0.0168499
0.0181443
0.0194403
0.0207361
0.0220306
0.0233229
0.0246126
0.0258997
0.0271844
0.0284675
0.02975
0.0310329
0.0323179
0.0336068
0.0349015
0.0362043
0.0375177
0.0388444
0.0401874
0.0415498
0.042935
0.0443466
0.0457884
0.0472643
0.0487788
0.0503362
0.0519413
0.053599
0.0553147
0.0570937
0.0589419
0.0608654
0.0628704
0.0649638
0.0671524
0.0694438
0.0718456
0.074366
0.0770134
0.079797
0.0827261
0.0858105
0.0890608
0.0924878
0.096103
0.0999185
0.103947
0.108201
0.112696
0.117446
0.122465
0.127772
0.133381
0.139311
0.145581
0.15221
0.159219
0.166628
0.174461
0.18274
0.19149
0.200736
0.210506
0.220826
0.231726
0.243236
0.255387
0.268211
0.281742
0.296015
0.311066
0.326934
0.343655
0.36127
0.379821
0.39935
0.4199
0.441515
0.464242
0.488128
0.513219
0.539566
0.567217
0.596224
0.626637
0.658509
