4219.86
4217.57
4215.39
4213.22
4211.04
4208.84
4206.58
4204.25
4201.84
4199.33
4196.72
4193.98
4191.11
4188.09
4184.92
4181.59
4178.08
4174.38
4170.49
4166.38
4162.05
4157.49
4152.68
4147.61
4142.26
4136.62
4130.68
4124.42
4117.82
4110.87
4103.54
4095.82
4087.69
4079.13
4070.12
4060.63
4050.65
4040.14
4029.09
4017.47
4005.25
3992.41
3978.91
3964.74
3949.85
3934.23
3917.83
3900.64
3882.6
3863.71
3843.91
3823.18
3801.49
3778.8
3755.07
3730.29
3704.4
3677.39
3649.22
3619.86
3589.28
3557.45
3524.36
3489.97
3454.28
3417.25
3378.87
3339.14
3298.05
3255.59
3211.76
3166.58
3120.04
3072.17
3022.99
2972.53
2920.81
2867.88
2813.79
2758.59
2702.33
2645.09
2586.92
2527.92
2468.15
2407.72
2346.7
2285.21
2223.33
2161.18
2098.86
2036.48
1974.15
1911.98
1850.08
1788.56
1727.52
1667.08
1607.32
1548.36
1490.27
1433.14
1377.07
1322.11
1.00403
3.05014
4.76545
6.27387
7.62273
8.85086
9.9899
11.0657
12.0995
13.1089
14.1085
15.1105
16.1254
17.1621
18.2284
19.3311
20.4766
21.6703
22.9177
24.2236
25.5929
27.0302
28.54
30.127
31.7957
33.5507
35.3967
37.3386
39.3811
41.5294
43.7885
46.1638
48.6607
51.2847
54.0415
56.9371
59.9774
63.1684
66.5164
70.0278
73.7089
77.5661
81.606
85.835
90.2598
94.8866
99.722
104.772
110.043
115.54
121.269
127.236
133.444
139.899
146.603
153.56
160.772
168.241
175.966
183.947
192.182
200.668
209.401
218.374
227.58
237.01
246.651
256.491
266.515
276.704
287.04
297.501
308.062
318.696
329.376
340.07
350.745
361.365
371.894
382.292
392.519
402.532
412.29
421.746
430.859
439.583
447.874
455.69
462.987
469.727
475.87
481.381
486.227
490.379
493.809
496.498
498.426
499.581
499.954
499.543
498.348
496.375
493.636
490.147
15.7438
15.0365
14.5885
14.3523
14.2943
14.3879
14.6118
14.9496
15.3884
15.9185
16.5323
17.2245
17.9913
18.8302
19.7398
20.7198
21.7706
22.893
24.0887
25.3598
26.7087
28.1384
29.6521
31.2534
32.9462
34.7348
36.6235
38.6171
40.7207
42.9396
45.2793
47.7457
50.3448
53.083
55.967
59.0037
62.2002
65.564
69.1027
72.8244
76.7372
80.8496
85.1704
89.7084
94.4727
99.4728
104.718
110.218
115.983
122.023
128.347
134.966
141.889
149.126
156.688
164.583
172.821
181.41
190.36
199.678
209.371
219.447
229.91
240.765
252.018
263.668
275.719
288.17
301.018
314.26
327.891
341.902
356.284
371.025
386.11
401.521
417.24
433.242
449.503
465.995
482.686
499.542
516.526
533.598
550.716
567.835
584.908
601.884
618.713
635.341
651.713
667.775
683.47
698.742
713.534
727.791
741.459
754.484
766.815
778.404
789.205
799.175
808.275
816.469
0
0.916293
1.76919
2.57467
3.34584
4.09359
4.82704
5.55392
6.28081
7.01344
7.75682
8.51545
9.29339
10.0944
10.922
11.7795
12.6702
13.5972
14.5638
15.5731
16.6282
17.7325
18.8894
20.1021
21.3744
22.7098
24.1123
25.5857
27.1342
28.7622
30.4741
32.2747
34.1688
36.1615
38.2583
40.4646
42.7864
45.2296
47.8006
50.506
53.3526
56.3477
59.4985
62.8129
66.2989
69.9646
73.8189
77.8704
82.1285
86.6026
91.3026
96.2383
101.42
106.859
112.565
118.55
124.825
131.402
138.291
145.506
153.056
160.955
169.215
177.846
186.861
196.271
206.088
216.322
226.983
238.082
249.628
261.63
274.095
287.031
300.443
314.336
328.714
343.579
358.932
374.771
391.094
407.897
425.172
442.911
461.103
479.736
498.794
518.258
538.109
558.325
578.879
599.744
620.89
642.284
663.892
685.676
707.597
729.615
751.686
773.765
795.807
817.764
839.589
861.233
0
0.014065
0.0530829
0.113021
0.190664
0.28346
0.3894
0.506918
0.634808
0.772165
0.918329
1.07285
1.23543
1.40594
1.58436
1.77077
1.96534
2.16834
2.38008
2.60095
2.8314
3.07192
3.32306
3.58543
3.85966
4.14644
4.44652
4.76067
5.08971
5.43454
5.79605
6.17524
6.57311
6.99074
7.42925
7.88983
8.37371
8.88218
9.4166
9.9784
10.569
11.1901
11.8432
12.5299
13.2522
14.0117
14.8105
15.6504
16.5336
17.4623
18.4386
19.4648
20.5434
21.6768
22.8675
24.1183
25.4319
26.8109
28.2584
29.7772
31.3703
33.0409
34.7921
36.627
38.5489
40.561
42.6667
44.8692
47.1718
49.5779
52.0906
54.7133
57.449
60.3009
63.2719
66.3649
69.5825
72.9272
76.4015
80.0074
83.7468
87.6211
91.6317
95.7794
100.065
104.488
109.048
113.745
118.578
123.544
128.641
133.867
139.217
144.689
150.276
155.974
161.776
167.677
173.669
179.744
185.894
192.109
198.381
204.699
0
0.00042325
0.00310142
0.0095723
0.0207902
0.0372938
0.0593319
0.0869572
0.120096
0.158598
0.202275
0.250925
0.304352
0.362376
0.424844
0.491634
0.562656
0.637856
0.717213
0.800742
0.888489
0.980533
1.07698
1.17798
1.28369
1.3943
1.51004
1.63115
1.7579
1.89058
2.02952
2.17504
2.32753
2.48735
2.65494
2.83071
3.01514
3.20871
3.41194
3.62535
3.84951
4.08502
4.3325
4.5926
4.86599
5.15339
5.45555
5.77323
6.10724
6.45844
6.8277
7.21592
7.62407
8.05312
8.50411
8.97809
9.47616
9.99945
10.5491
11.1265
11.7326
12.3689
13.0367
13.7372
14.472
15.2423
16.0496
16.8955
17.7813
18.7085
19.6787
20.6934
21.754
22.8621
24.0192
25.2267
26.4861
27.7987
29.166
30.5893
32.0697
33.6085
35.2066
36.8652
38.5849
40.3666
42.2109
44.1181
46.0885
48.1223
50.2193
52.3791
54.6014
56.8852
59.2297
61.6335
64.0952
66.613
69.1849
71.8085
74.4812
77.2003
79.9624
82.7644
0
0.0197169
0.0398968
0.0609288
0.0831447
0.106833
0.13225
0.159624
0.189165
0.221067
0.255517
0.292692
0.332766
0.375915
0.422312
0.472136
0.525567
0.582795
0.644015
0.709429
0.77925
0.853703
0.93302
1.01745
1.10725
1.20269
1.30406
1.41167
1.52583
1.64688
1.77518
1.9111
2.05503
2.2074
2.36862
2.53918
2.71954
2.91022
3.11175
3.32469
3.54963
3.78719
4.03802
4.3028
4.58223
4.87708
5.1881
5.51613
5.86201
6.22664
6.61094
7.01589
7.44249
7.8918
8.36491
8.86296
9.38712
9.93863
10.5188
11.1288
11.7701
12.4441
13.1523
13.896
14.6769
15.4965
16.3565
17.2583
18.2039
19.1948
20.2327
21.3195
22.457
23.6469
24.8911
26.1913
27.5494
28.9673
30.4467
31.9895
33.5973
35.2719
37.0151
38.8284
40.7136
42.6719
44.7051
46.8143
49.0009
51.2661
53.6109
56.0363
58.5431
61.132
63.8036
66.5582
69.3962
72.3177
75.3225
78.4105
81.5813
84.8342
88.1687
91.5838
0
3.25661e-05
0.000250333
0.000812178
0.00185333
0.00349
0.0058232
0.00894188
0.0129255
0.0178464
0.0237713
0.030763
0.0388815
0.0481855
0.0587328
0.0705814
0.08379
0.0984188
0.11453
0.132188
0.15146
0.172418
0.195135
0.219689
0.246165
0.274648
0.305232
0.338014
0.373099
0.410595
0.45062
0.493295
0.53875
0.587124
0.638561
0.693214
0.751247
0.812829
0.878142
0.947376
1.02073
1.09842
1.18067
1.26771
1.35979
1.45716
1.56012
1.66893
1.7839
1.90535
2.03362
2.16905
2.312
2.46287
2.62205
2.78996
2.96704
3.15375
3.35058
3.55801
3.77658
4.00682
4.24931
4.50462
4.77338
5.05622
5.35379
5.66678
5.99589
6.34186
6.70543
7.0874
7.48854
7.9097
8.35171
8.81543
9.30177
9.81161
10.3459
10.9055
11.4915
12.1048
12.7463
13.4171
14.1181
14.8504
15.6149
16.4126
17.2445
18.1116
19.0149
19.9552
20.9335
21.9506
23.0076
24.1051
25.2439
26.4249
27.6486
28.9158
30.227
31.5828
32.9835
34.4296
0
6.05651e-06
8.40061e-05
0.000393201
0.0011566
0.00263512
0.00510958
0.00886826
0.0141986
0.0213821
0.0306914
0.0423888
0.0567265
0.0739466
0.0942829
0.117962
0.145205
0.176229
0.211249
0.250481
0.294141
0.342449
0.395632
0.453918
0.517549
0.586773
0.661848
0.743046
0.830652
0.924965
1.0263
1.13499
1.25138
1.37585
1.50878
1.65058
1.8017
1.96259
2.13374
2.31566
2.50889
2.714
2.9316
3.16232
3.40684
3.66585
3.9401
4.23037
4.53749
4.86233
5.20579
5.56883
5.95246
6.35774
6.78576
7.2377
7.71477
8.21824
8.74945
9.30979
9.90074
10.5238
11.1806
11.8727
12.602
13.3701
14.1791
15.0308
15.9273
16.8706
17.863
18.9067
20.0041
21.1575
22.3695
23.6426
24.9795
26.383
27.8557
29.4005
31.0204
32.7184
34.4975
36.3608
38.3115
40.3527
42.4876
44.7196
47.0518
49.4875
52.0301
54.6827
57.4486
60.3311
63.3332
66.4581
69.7089
73.0884
76.5995
80.2449
84.0273
87.9492
92.0128
96.2202
