1601.38
1601.22
1601.05
1600.87
1600.68
1600.48
1600.27
1600.05
1599.82
1599.57
1599.32
1599.05
1598.76
1598.47
1598.16
1597.83
1597.49
1597.13
1596.75
1596.35
1595.94
1595.5
1595.05
1594.57
1594.06
1593.54
1592.98
1592.4
1591.79
1591.15
1590.48
1589.78
1589.05
1588.27
1587.46
1586.61
1585.72
1584.79
1583.81
1582.79
1581.71
1580.58
1579.4
1578.16
1576.87
1575.51
1574.08
1572.59
1571.02
1569.38
1567.67
1565.87
1563.99
1562.02
1559.95
1557.79
1555.53
1553.17
1550.69
1548.1
1545.39
1542.55
1539.59
1536.48
1533.24
1529.85
1526.31
1522.61
1518.75
1514.71
1510.5
1506.1
1501.51
1496.72
1491.73
1486.52
1481.09
1475.43
1469.54
1463.4
1457.01
1450.36
1443.45
1436.26
1428.78
1421.02
1412.96
1404.59
1395.91
1386.92
1377.59
1367.93
1357.94
1347.6
1336.9
1325.86
1314.45
1302.69
1290.55
1278.05
1265.18
1251.94
1238.33
1224.36
1.00133
1.03335
1.07472
1.12007
1.16923
1.22207
1.27849
1.33848
1.40204
1.46923
1.5401
1.61477
1.69336
1.77599
1.86284
1.95407
2.04986
2.15043
2.25597
2.36673
2.48293
2.60483
2.7327
2.86682
3.00748
3.15499
3.30967
3.47187
3.64192
3.82021
4.00712
4.20305
4.40842
4.62367
4.84927
5.08568
5.33342
5.59299
5.86494
6.14984
6.44827
6.76084
7.0882
7.431
7.78992
8.16569
8.55905
8.97075
9.40161
9.85244
10.3241
10.8175
11.3335
11.873
12.4372
13.0268
13.6431
14.2869
14.9595
15.662
16.3955
17.1611
17.9601
18.7937
19.6632
20.5697
21.5146
22.4992
23.5247
24.5925
25.704
26.8603
28.0628
29.3128
30.6116
31.9604
33.3604
34.8127
36.3186
37.879
39.4949
41.1672
42.8968
44.6843
46.5302
48.4351
50.3991
52.4225
54.5052
56.6468
58.847
61.105
63.4198
65.7903
68.2149
70.6919
73.219
75.7939
78.4137
81.0753
83.7752
86.5093
89.2735
92.063
1.00647
1.06367
1.12152
1.18086
1.24205
1.30542
1.37127
1.43986
1.51145
1.58627
1.66455
1.74651
1.83239
1.92241
2.01679
2.11578
2.2196
2.32851
2.44276
2.56263
2.68839
2.82032
2.95873
3.10394
3.25628
3.41608
3.58371
3.75955
3.94399
4.13743
4.34032
4.55309
4.77622
5.01021
5.25556
5.51282
5.78254
6.0653
6.36173
6.67246
6.99816
7.33952
7.69727
8.07217
8.465
8.87658
9.30779
9.7595
10.2326
10.7282
11.2471
11.7905
12.3595
12.9551
13.5785
14.2309
14.9137
15.628
16.3753
17.157
17.9744
18.8291
19.7225
20.6564
21.6322
22.6517
23.7166
24.8286
25.9896
27.2013
28.4657
29.7847
31.1602
32.5943
34.0889
35.646
37.2677
38.9561
40.7132
42.541
44.4417
46.4173
48.4697
50.6009
52.8128
55.1073
57.4862
59.9511
62.5036
65.1452
67.8773
70.7008
73.617
76.6265
79.73
82.9278
86.22
89.6064
93.0866
96.6596
100.324
104.08
107.923
111.852
0
0.0584964
0.117814
0.177983
0.239061
0.301127
0.364271
0.428596
0.494214
0.561249
0.629831
0.700098
0.772195
0.846273
0.92249
1.00101
1.08201
1.16566
1.25215
1.34167
1.43441
1.5306
1.63044
1.73415
1.84197
1.95414
2.07091
2.19254
2.31932
2.45151
2.58943
2.73337
2.88366
3.04064
3.20465
3.37607
3.55527
3.74265
3.93863
4.14365
4.35814
4.5826
4.8175
5.06337
5.32073
5.59016
5.87223
6.16756
6.47678
6.80054
7.13956
7.49453
7.86623
8.25541
8.66291
9.08957
9.53627
10.0039
10.4935
11.006
11.5424
12.1038
12.6914
13.3062
13.9495
14.6225
15.3265
16.0629
16.8329
17.6381
18.4798
19.3597
20.2792
21.24
22.2438
23.2921
24.3868
25.5297
26.7225
27.9672
29.2657
30.6199
32.0317
33.5033
35.0366
36.6336
38.2965
40.0274
41.8283
43.7013
45.6485
47.672
49.7738
51.956
54.2204
56.569
59.0037
61.5262
64.1381
66.8411
69.6366
72.5259
75.5102
78.5904
0
0.000864761
0.00344659
0.00772752
0.0136914
0.0213245
0.0306158
0.0415577
0.0541457
0.068379
0.0842606
0.101797
0.121
0.141883
0.164467
0.188774
0.214832
0.242674
0.272336
0.303861
0.337293
0.372685
0.410091
0.449574
0.4912
0.535041
0.581172
0.629679
0.680649
0.734176
0.790363
0.849316
0.91115
0.975985
1.04395
1.11518
1.18982
1.26802
1.34993
1.43574
1.5256
1.61972
1.71828
1.8215
1.92958
2.04276
2.16126
2.28536
2.41529
2.55135
2.69382
2.84299
2.99919
3.16275
3.33401
3.51333
3.7011
3.8977
4.10356
4.3191
4.54478
4.78107
5.02845
5.28745
5.55859
5.84243
6.13956
6.45058
6.77612
7.11684
7.47342
7.84656
8.23701
8.64552
9.07291
9.51998
9.98759
10.4766
10.988
11.5227
12.0817
12.6659
13.2765
13.9145
14.5811
15.2773
16.0044
16.7635
17.5559
18.3829
19.2458
20.1459
21.0846
22.0632
23.0832
24.146
25.253
26.4058
27.6057
28.8544
30.1533
31.5038
32.9076
34.3661
0
5.21588e-06
4.0353e-05
0.000131708
0.000302082
0.000571248
0.000956359
0.00147232
0.00213213
0.00294714
0.00392736
0.00508168
0.00641804
0.00794366
0.00966517
0.0115888
0.0137204
0.0160658
0.0186304
0.0214201
0.0244404
0.0276973
0.0311969
0.0349455
0.0389499
0.0432172
0.0477549
0.0525711
0.0576744
0.063074
0.0687795
0.0748014
0.0811507
0.0878393
0.0948796
0.102285
0.11007
0.118249
0.126838
0.135854
0.145315
0.155239
0.165648
0.176561
0.188
0.19999
0.212554
0.225719
0.239512
0.253961
0.269097
0.284951
0.301556
0.318948
0.337162
0.356237
0.376213
0.397132
0.419038
0.441978
0.465999
0.491152
0.51749
0.545068
0.573943
0.604177
0.635831
0.668971
0.703666
0.739988
0.778011
0.817812
0.859472
0.903077
0.948712
0.996471
1.04645
1.09874
1.15345
1.21068
1.27055
1.33318
1.39866
1.46714
1.53874
1.61359
1.69182
1.77358
1.85901
1.94826
2.04149
2.13884
2.24049
2.3466
2.45734
2.57289
2.69343
2.81913
2.95019
3.0868
3.22915
3.37743
3.53185
3.6926
0
0.0089982
0.0192201
0.030698
0.0434703
0.05758
0.073074
0.0900037
0.108424
0.128395
0.149979
0.173243
0.198259
0.225102
0.25385
0.284589
0.317405
0.352393
0.389649
0.429276
0.471382
0.516081
0.563491
0.613737
0.66695
0.723268
0.782835
0.845802
0.912328
0.98258
1.05673
1.13497
1.21748
1.30447
1.39614
1.49273
1.59446
1.70157
1.81432
1.93298
2.05782
2.18914
2.32724
2.47246
2.62511
2.78556
2.95418
3.13135
3.31747
3.51297
3.7183
3.9339
4.16028
4.39793
4.64739
4.9092
5.18395
5.47224
5.7747
6.09199
6.4248
6.77386
7.1399
7.52371
7.9261
8.34794
8.79009
9.2535
9.73911
10.2479
10.781
11.3394
11.9243
12.5368
13.1781
13.8496
14.5525
15.2881
16.0579
16.8634
17.7061
18.5874
19.5091
20.4727
21.4801
22.533
23.6331
24.7825
25.983
27.2365
28.5453
29.9112
31.3365
32.8234
34.374
35.9907
37.6758
39.4316
41.2605
43.1649
45.1473
47.2102
49.3561
51.5874
0
1.90062e-06
1.5544e-05
5.35616e-05
0.000129431
0.000257364
0.00045221
0.000729383
0.0011048
0.00159484
0.0022163
0.00298638
0.00392266
0.00504309
0.00636602
0.00791017
0.00969467
0.011739
0.0140633
0.0166879
0.0196337
0.0229224
0.0265759
0.0306169
0.0350688
0.0399557
0.0453023
0.0511344
0.0574784
0.0643618
0.0718131
0.0798617
0.0885383
0.0978747
0.107904
0.118661
0.130181
0.142501
0.155661
0.169702
0.184665
0.200596
0.217539
0.235545
0.254663
0.274946
0.29645
0.319232
0.343354
0.368877
0.39587
0.4244
0.454542
0.486369
0.519964
0.555407
0.592788
0.632197
0.673729
0.717485
0.76357
0.812093
0.863168
0.916916
0.973462
1.03294
1.09548
1.16123
1.23035
1.30298
1.37929
1.45946
1.54367
1.63209
1.72493
1.82239
1.92468
2.03203
2.14468
2.26285
2.38681
2.51682
2.65315
2.79609
2.94595
3.10302
3.26763
3.44012
3.62084
3.81015
4.00843
4.21607
4.43348
4.66108
4.89931
5.14862
5.40948
5.68238
5.96783
6.26633
6.57842
6.90467
7.24564
7.60193
0
1.78829e-07
2.71611e-06
1.33527e-05
4.1073e-05
9.76734e-05
0.000197389
0.000356574
0.000593422
0.000927737
0.00138074
0.00197488
0.00273374
0.0036819
0.00484484
0.00624891
0.00792123
0.00988973
0.0121831
0.0148306
0.0178625
0.0213097
0.0252039
0.0295776
0.0344642
0.0398981
0.0459145
0.0525497
0.0598412
0.0678275
0.0765486
0.0860454
0.0963608
0.107539
0.119625
0.132667
0.146713
0.161816
0.178028
0.195405
0.214005
0.233886
0.255113
0.277751
0.301867
0.327533
0.354824
0.383817
0.414593
0.447238
0.481839
0.518491
0.557291
0.598339
0.641743
0.687614
0.736069
0.787228
0.841221
0.898181
0.958248
1.02157
1.08829
1.15859
1.23261
1.31055
1.39259
1.4789
1.56971
1.66522
1.76564
1.87121
1.98217
2.09877
2.22128
2.34997
2.48512
2.62703
2.77603
2.93243
3.09658
3.26883
3.44955
3.63915
3.838
4.04655
4.26522
4.49448
4.7348
4.98668
5.25062
5.52718
5.8169
6.12037
6.43818
6.77097
7.11937
7.48407
7.86575
8.26514
8.68299
9.12007
9.57717
10.0551
